sample_index,delay_year,task_id,run_type,comparison_type,tree_spec,decision_times,scenario,node,period,calendar_year,node_probability,price,mitigation,average_mitigation,ghg_level,ra,eis,pref,tech_chg,tech_scale,bs_premium,growth
run0_params,20,5,delay_frontier,same_grid,default,0|20|35|75|125|175|225,optimal,0,0,2025,1.0,210.61388464275436,0.8859638508291661,0.0,425.6,10.0,0.833,0.002,1.5,1.5,10000.0,0.015
run0_params,20,5,delay_frontier,same_grid,default,0|20|35|75|125|175|225,optimal,1,1,2045,0.5,170.21450091216022,0.9965867972417624,0.8859637618743857,424.6622876650514,10.0,0.833,0.002,1.5,1.5,10000.0,0.015
run0_params,20,5,delay_frontier,same_grid,default,0|20|35|75|125|175|225,optimal,2,1,2045,0.5,117.72387880421668,0.8580110399679779,0.8859637618743857,424.6622876650514,10.0,0.833,0.002,1.5,1.5,10000.0,0.015
run0_params,20,5,delay_frontier,same_grid,default,0|20|35|75|125|175|225,optimal,3,2,2060,0.25,109.44639677715423,0.9991653616627055,0.9245847267056421,416.5269493326466,10.0,0.833,0.002,1.5,1.5,10000.0,0.015
run0_params,20,5,delay_frontier,same_grid,default,0|20|35|75|125|175|225,optimal,4,2,2060,0.25,80.9298988805558,0.8851973986384285,0.9245847267056421,416.5269493326466,10.0,0.833,0.002,1.5,1.5,10000.0,0.015
run0_params,20,5,delay_frontier,same_grid,default,0|20|35|75|125|175|225,optimal,5,2,2060,0.25,96.6259818493756,0.9431996572769438,0.8762049884315626,423.5786851699796,10.0,0.833,0.002,1.5,1.5,10000.0,0.015
run0_params,20,5,delay_frontier,same_grid,default,0|20|35|75|125|175|225,optimal,6,2,2060,0.25,37.98854946051937,0.6130304701340544,0.8762049884315626,423.5786851699796,10.0,0.833,0.002,1.5,1.5,10000.0,0.015
run0_params,20,5,delay_frontier,same_grid,default,0|20|35|75|125|175|225,optimal,7,3,2100,0.125,32.750071086119895,0.9983546925964356,0.9547926447744549,395.5845181204166,10.0,0.833,0.002,1.5,1.5,10000.0,0.015
run0_params,20,5,delay_frontier,same_grid,default,0|20|35|75|125|175|225,optimal,8,3,2100,0.125,31.737222390586137,0.9863275800097593,0.9547926447744549,395.5845181204166,10.0,0.833,0.002,1.5,1.5,10000.0,0.015
run0_params,20,5,delay_frontier,same_grid,default,0|20|35|75|125|175|225,optimal,9,3,2100,0.125,33.76653046731532,0.992741398483855,0.9129797604542872,403.84449343752186,10.0,0.833,0.002,1.5,1.5,10000.0,0.015
run0_params,20,5,delay_frontier,same_grid,default,0|20|35|75|125|175|225,optimal,10,3,2100,0.125,33.56581566540618,0.9851210287242299,0.90006510333646,405.24411902045273,10.0,0.833,0.002,1.5,1.5,10000.0,0.015
run0_params,20,5,delay_frontier,same_grid,default,0|20|35|75|125|175|225,optimal,11,3,2100,0.125,16.38622062623026,0.7275673634440203,0.9129797604542872,403.84449343752186,10.0,0.833,0.002,1.5,1.5,10000.0,0.015
run0_params,20,5,delay_frontier,same_grid,default,0|20|35|75|125|175|225,optimal,12,3,2100,0.125,16.440711218992384,0.7238733521894822,0.90006510333646,405.24411902045273,10.0,0.833,0.002,1.5,1.5,10000.0,0.015
run0_params,20,5,delay_frontier,same_grid,default,0|20|35|75|125|175|225,optimal,13,3,2100,0.125,20.570305588375593,0.7564989944855698,0.7789316486303223,429.17355697668256,10.0,0.833,0.002,1.5,1.5,10000.0,0.015
run0_params,20,5,delay_frontier,same_grid,default,0|20|35|75|125|175|225,optimal,14,3,2100,0.125,6.9949715466059414,0.41893058858176585,0.7789316486303223,429.17355697668256,10.0,0.833,0.002,1.5,1.5,10000.0,0.015
run0_params,20,5,delay_frontier,same_grid,default,0|20|35|75|125|175|225,optimal,15,4,2150,0.0625,6.968495577707957,0.9798354094815792,0.9607646936549634,373.3765710380104,10.0,0.833,0.002,1.5,1.5,10000.0,0.015
run0_params,20,5,delay_frontier,same_grid,default,0|20|35|75|125|175|225,optimal,16,4,2150,0.0625,7.220840498994971,0.993434400518677,0.9607646936549634,373.3765710380104,10.0,0.833,0.002,1.5,1.5,10000.0,0.015
run0_params,20,5,delay_frontier,same_grid,default,0|20|35|75|125|175|225,optimal,17,4,2150,0.0625,6.910085422029711,0.9755298069493712,0.9592165291677135,373.72827783382746,10.0,0.833,0.002,1.5,1.5,10000.0,0.015
run0_params,20,5,delay_frontier,same_grid,default,0|20|35|75|125|175|225,optimal,18,4,2150,0.0625,7.619732790390902,0.9872310338222895,0.9230186453158866,379.78451962813966,10.0,0.833,0.002,1.5,1.5,10000.0,0.015
run0_params,20,5,delay_frontier,same_grid,default,0|20|35|75|125|175|225,optimal,19,4,2150,0.0625,7.72507982136446,0.9842265976300459,0.9113682847193985,381.46022003853386,10.0,0.833,0.002,1.5,1.5,10000.0,0.015
run0_params,20,5,delay_frontier,same_grid,default,0|20|35|75|125|175|225,optimal,20,4,2150,0.0625,6.033002479194749,0.9241503938320845,0.9592165291677135,373.72827783382746,10.0,0.833,0.002,1.5,1.5,10000.0,0.015
run0_params,20,5,delay_frontier,same_grid,default,0|20|35|75|125|175|225,optimal,21,4,2150,0.0625,7.294293454865842,0.9705774513893698,0.9230186453158866,379.78451962813966,10.0,0.833,0.002,1.5,1.5,10000.0,0.015
run0_params,20,5,delay_frontier,same_grid,default,0|20|35|75|125|175|225,optimal,22,4,2150,0.0625,7.320402371377966,0.9637239733077354,0.9113682847193985,381.46022003853386,10.0,0.833,0.002,1.5,1.5,10000.0,0.015
run0_params,20,5,delay_frontier,same_grid,default,0|20|35|75|125|175|225,optimal,23,4,2150,0.0625,7.822115137008178,0.9730958058307375,0.8888844143096694,387.53895853620185,10.0,0.833,0.002,1.5,1.5,10000.0,0.015
run0_params,20,5,delay_frontier,same_grid,default,0|20|35|75|125|175|225,optimal,24,4,2150,0.0625,7.953687349890344,0.9715861703406,0.8777394265229077,389.09984121037735,10.0,0.833,0.002,1.5,1.5,10000.0,0.015
run0_params,20,5,delay_frontier,same_grid,default,0|20|35|75|125|175|225,optimal,25,4,2150,0.0625,10.33935950129669,0.9989454274628743,0.7746808413308641,406.23428247388296,10.0,0.833,0.002,1.5,1.5,10000.0,0.015
run0_params,20,5,delay_frontier,same_grid,default,0|20|35|75|125|175|225,optimal,26,4,2150,0.0625,3.1731997687282996,0.6491613886274368,0.8888844143096694,387.53895853620185,10.0,0.833,0.002,1.5,1.5,10000.0,0.015
run0_params,20,5,delay_frontier,same_grid,default,0|20|35|75|125|175|225,optimal,27,4,2150,0.0625,3.1079973722855403,0.6354737554219722,0.8777394265229077,389.09984121037735,10.0,0.833,0.002,1.5,1.5,10000.0,0.015
run0_params,20,5,delay_frontier,same_grid,default,0|20|35|75|125|175|225,optimal,28,4,2150,0.0625,4.3541058234635805,0.684417339360326,0.7746808413308641,406.23428247388296,10.0,0.833,0.002,1.5,1.5,10000.0,0.015
run0_params,20,5,delay_frontier,same_grid,default,0|20|35|75|125|175|225,optimal,29,4,2150,0.0625,6.761367427561474,0.8105682613008451,0.7312276813771927,416.1057375414435,10.0,0.833,0.002,1.5,1.5,10000.0,0.015
run0_params,20,5,delay_frontier,same_grid,default,0|20|35|75|125|175|225,optimal,30,4,2150,0.0625,2.458974787965404,0.4794230763335569,0.7312276813771927,416.1057375414435,10.0,0.833,0.002,1.5,1.5,10000.0,0.015
run0_params,20,5,delay_frontier,same_grid,default,0|20|35|75|125|175|225,optimal,31,5,2200,0.03125,1.3692543164704527,0.930384558248524,0.9623063959607578,354.4770724273538,10.0,0.833,0.002,1.5,1.5,10000.0,0.015
run0_params,20,5,delay_frontier,same_grid,default,0|20|35|75|125|175|225,optimal,32,5,2200,0.03125,1.5373089502229598,0.9742362564372916,0.9623063959607578,354.4770724273538,10.0,0.833,0.002,1.5,1.5,10000.0,0.015
run0_params,20,5,delay_frontier,same_grid,default,0|20|35|75|125|175|225,optimal,33,5,2200,0.03125,1.4482220391623546,0.9525156697282111,0.9632700875090853,354.2428759893378,10.0,0.833,0.002,1.5,1.5,10000.0,0.015
run0_params,20,5,delay_frontier,same_grid,default,0|20|35|75|125|175|225,optimal,34,5,2200,0.03125,1.3549223902251808,0.924651599589198,0.9605098033132395,354.82232806432825,10.0,0.833,0.002,1.5,1.5,10000.0,0.015
run0_params,20,5,delay_frontier,same_grid,default,0|20|35|75|125|175|225,optimal,35,5,2200,0.03125,1.5854906577483898,0.9516482116922986,0.9279219682613861,359.969677345593,10.0,0.833,0.002,1.5,1.5,10000.0,0.015
run0_params,20,5,delay_frontier,same_grid,default,0|20|35|75|125|175|225,optimal,36,5,2200,0.03125,1.721584180376045,0.9719381732786125,0.9169046115596646,361.61383126313564,10.0,0.833,0.002,1.5,1.5,10000.0,0.015
run0_params,20,5,delay_frontier,same_grid,default,0|20|35|75|125|175|225,optimal,37,5,2200,0.03125,1.386227358469028,0.9359799120338907,0.9632700875090853,354.2428759893378,10.0,0.833,0.002,1.5,1.5,10000.0,0.015
run0_params,20,5,delay_frontier,same_grid,default,0|20|35|75|125|175|225,optimal,38,5,2200,0.03125,1.5755261446328714,0.9818025434782363,0.9605098033132395,354.82232806432825,10.0,0.833,0.002,1.5,1.5,10000.0,0.015
run0_params,20,5,delay_frontier,same_grid,default,0|20|35|75|125|175|225,optimal,39,5,2200,0.03125,1.6781959062138325,0.973234358505364,0.9279219682613861,359.969677345593,10.0,0.833,0.002,1.5,1.5,10000.0,0.015
run0_params,20,5,delay_frontier,same_grid,default,0|20|35|75|125|175|225,optimal,40,5,2200,0.03125,1.2801419490565176,0.8609275301925399,0.9169046115596646,361.61383126313564,10.0,0.833,0.002,1.5,1.5,10000.0,0.015
run0_params,20,5,delay_frontier,same_grid,default,0|20|35|75|125|175|225,optimal,41,5,2200,0.03125,1.5954643326230509,0.9829520127872479,0.9568688335144877,355.70716397539906,10.0,0.833,0.002,1.5,1.5,10000.0,0.015
run0_params,20,5,delay_frontier,same_grid,default,0|20|35|75|125|175|225,optimal,42,5,2200,0.03125,1.5540520091062298,0.9428996070831559,0.9267417882337843,360.2564787496764,10.0,0.833,0.002,1.5,1.5,10000.0,0.015
run0_params,20,5,delay_frontier,same_grid,default,0|20|35|75|125|175|225,optimal,43,5,2200,0.03125,1.7673427087745732,0.9804853387384416,0.9154517083942689,361.96691934498614,10.0,0.833,0.002,1.5,1.5,10000.0,0.015
run0_params,20,5,delay_frontier,same_grid,default,0|20|35|75|125|175|225,optimal,44,5,2200,0.03125,1.5233258426594476,0.9031499401136207,0.8940354266742797,366.19046500543436,10.0,0.833,0.002,1.5,1.5,10000.0,0.015
run0_params,20,5,delay_frontier,same_grid,default,0|20|35|75|125|175|225,optimal,45,5,2200,0.03125,0.9998198781532617,0.7407260934984419,0.8836110016313375,367.72037108391675,10.0,0.833,0.002,1.5,1.5,10000.0,0.015
run0_params,20,5,delay_frontier,same_grid,default,0|20|35|75|125|175|225,optimal,46,5,2200,0.03125,1.9939905090622871,0.902281743036803,0.7904811725136882,382.42846219776897,10.0,0.833,0.002,1.5,1.5,10000.0,0.015
run0_params,20,5,delay_frontier,same_grid,default,0|20|35|75|125|175|225,optimal,47,5,2200,0.03125,0.8813290552504683,0.7640187669071961,0.9568688335144877,355.70716397539906,10.0,0.833,0.002,1.5,1.5,10000.0,0.015
run0_params,20,5,delay_frontier,same_grid,default,0|20|35|75|125|175|225,optimal,48,5,2200,0.03125,1.060598203619221,0.8018503386820752,0.9267417882337843,360.2564787496764,10.0,0.833,0.002,1.5,1.5,10000.0,0.015
run0_params,20,5,delay_frontier,same_grid,default,0|20|35|75|125|175|225,optimal,49,5,2200,0.03125,1.6548476818288584,0.9554649984005747,0.9154517083942689,361.96691934498614,10.0,0.833,0.002,1.5,1.5,10000.0,0.015
run0_params,20,5,delay_frontier,same_grid,default,0|20|35|75|125|175|225,optimal,50,5,2200,0.03125,0.9566737043622849,0.7348728349828646,0.8940354266742797,366.19046500543436,10.0,0.833,0.002,1.5,1.5,10000.0,0.015
run0_params,20,5,delay_frontier,same_grid,default,0|20|35|75|125|175|225,optimal,51,5,2200,0.03125,1.3198645825048991,0.8400895481834342,0.8836110016313375,367.72037108391675,10.0,0.833,0.002,1.5,1.5,10000.0,0.015
run0_params,20,5,delay_frontier,same_grid,default,0|20|35|75|125|175|225,optimal,52,5,2200,0.03125,2.442615314424277,0.97888507110171,0.7904811725136882,382.42846219776897,10.0,0.833,0.002,1.5,1.5,10000.0,0.015
run0_params,20,5,delay_frontier,same_grid,default,0|20|35|75|125|175|225,optimal,53,5,2200,0.03125,1.9141408553198453,0.9665168520129825,0.8710800950779711,371.76913528471226,10.0,0.833,0.002,1.5,1.5,10000.0,0.015
run0_params,20,5,delay_frontier,same_grid,default,0|20|35|75|125|175|225,optimal,54,5,2200,0.03125,1.1076111610322086,0.7547310713450451,0.8597926325430412,373.50876607135433,10.0,0.833,0.002,1.5,1.5,10000.0,0.015
run0_params,20,5,delay_frontier,same_grid,default,0|20|35|75|125|175|225,optimal,55,5,2200,0.03125,2.061974306479794,0.893014121409899,0.7681923562250729,387.84514043980283,10.0,0.833,0.002,1.5,1.5,10000.0,0.015
run0_params,20,5,delay_frontier,same_grid,default,0|20|35|75|125|175|225,optimal,56,5,2200,0.03125,2.247075926496806,0.892919876192812,0.735269356626032,393.28183572651716,10.0,0.833,0.002,1.5,1.5,10000.0,0.015
run0_params,20,5,delay_frontier,same_grid,default,0|20|35|75|125|175|225,optimal,57,5,2200,0.03125,0.26394521488640843,0.33643742011397904,0.8710800950779711,371.76913528471226,10.0,0.833,0.002,1.5,1.5,10000.0,0.015
run0_params,20,5,delay_frontier,same_grid,default,0|20|35|75|125|175|225,optimal,58,5,2200,0.03125,0.23744300055459872,0.30596397362335354,0.8597926325430412,373.50876607135433,10.0,0.833,0.002,1.5,1.5,10000.0,0.015
run0_params,20,5,delay_frontier,same_grid,default,0|20|35|75|125|175|225,optimal,59,5,2200,0.03125,0.8832542769982177,0.5975502796306749,0.7681923562250729,387.84514043980283,10.0,0.833,0.002,1.5,1.5,10000.0,0.015
run0_params,20,5,delay_frontier,same_grid,default,0|20|35|75|125|175|225,optimal,60,5,2200,0.03125,0.7502807281096211,0.5202240670094004,0.735269356626032,393.28183572651716,10.0,0.833,0.002,1.5,1.5,10000.0,0.015
run0_params,20,5,delay_frontier,same_grid,default,0|20|35|75|125|175|225,optimal,61,5,2200,0.03125,1.1811827543185587,0.6441239982100266,0.7118030523945313,398.98468688725893,10.0,0.833,0.002,1.5,1.5,10000.0,0.015
run0_params,20,5,delay_frontier,same_grid,default,0|20|35|75|125|175|225,optimal,62,5,2200,0.03125,0.25441737016274474,0.24189260675027396,0.7118030523945313,398.98468688725893,10.0,0.833,0.002,1.5,1.5,10000.0,0.015
run0_params,20,5,delay_frontier,same_grid,default,0|20|35|75|125|175|225,delayed,0,0,2025,1.0,0.0,0.0,0.0,425.6,10.0,0.833,0.002,1.5,1.5,10000.0,0.015
run0_params,20,5,delay_frontier,same_grid,default,0|20|35|75|125|175|225,delayed,1,1,2045,0.5,210.27866944926814,0.9995079059639125,0.0,496.3152040243564,10.0,0.833,0.002,1.5,1.5,10000.0,0.015
run0_params,20,5,delay_frontier,same_grid,default,0|20|35|75|125|175|225,delayed,2,1,2045,0.5,152.69248996313723,0.8787973061847392,0.0,496.3152040243564,10.0,0.833,0.002,1.5,1.5,10000.0,0.015
run0_params,20,5,delay_frontier,same_grid,default,0|20|35|75|125|175|225,delayed,3,2,2060,0.25,141.6443182775023,0.9962237421725105,0.3489492758288738,483.165443643049,10.0,0.833,0.002,1.5,1.5,10000.0,0.015
run0_params,20,5,delay_frontier,same_grid,default,0|20|35|75|125|175|225,delayed,4,2,2060,0.25,112.96140068514502,0.9105038966393804,0.3489492758288738,483.165443643049,10.0,0.833,0.002,1.5,1.5,10000.0,0.015
run0_params,20,5,delay_frontier,same_grid,default,0|20|35|75|125|175|225,delayed,5,2,2060,0.25,130.17013607697695,0.9566375783177171,0.30680675454553585,489.308071112335,10.0,0.833,0.002,1.5,1.5,10000.0,0.015
run0_params,20,5,delay_frontier,same_grid,default,0|20|35|75|125|175|225,delayed,6,2,2060,0.25,51.20170370734558,0.624737690233675,0.30680675454553585,489.308071112335,10.0,0.833,0.002,1.5,1.5,10000.0,0.015
run0_params,20,5,delay_frontier,same_grid,default,0|20|35|75|125|175|225,delayed,7,3,2100,0.125,46.534111202461666,0.9913053215580869,0.6121341191890859,448.0723633346758,10.0,0.833,0.002,1.5,1.5,10000.0,0.015
run0_params,20,5,delay_frontier,same_grid,default,0|20|35|75|125|175|225,delayed,8,3,2100,0.125,45.7169654637598,0.9845302904270234,0.6121341191890859,448.0723633346758,10.0,0.833,0.002,1.5,1.5,10000.0,0.015
run0_params,20,5,delay_frontier,same_grid,default,0|20|35|75|125|175|225,delayed,9,3,2100,0.125,48.6025308372699,0.99500374155354,0.5806850280313929,454.2850197805591,10.0,0.833,0.002,1.5,1.5,10000.0,0.015
run0_params,20,5,delay_frontier,same_grid,default,0|20|35|75|125|175|225,delayed,10,3,2100,0.125,49.53341929988126,0.9969739920895273,0.5678242855165551,455.8224448649382,10.0,0.833,0.002,1.5,1.5,10000.0,0.015
run0_params,20,5,delay_frontier,same_grid,default,0|20|35|75|125|175|225,delayed,11,3,2100,0.125,21.6364174880678,0.6998447624897823,0.5806850280313929,454.2850197805591,10.0,0.833,0.002,1.5,1.5,10000.0,0.015
run0_params,20,5,delay_frontier,same_grid,default,0|20|35|75|125|175|225,delayed,12,3,2100,0.125,25.366756215884685,0.7502405006357952,0.5678242855165551,455.8224448649382,10.0,0.833,0.002,1.5,1.5,10000.0,0.015
run0_params,20,5,delay_frontier,same_grid,default,0|20|35|75|125|175|225,delayed,13,3,2100,0.125,28.39832872982883,0.7439504780485592,0.44605585743399223,479.8773175238317,10.0,0.833,0.002,1.5,1.5,10000.0,0.015
run0_params,20,5,delay_frontier,same_grid,default,0|20|35|75|125|175|225,delayed,14,3,2100,0.125,7.39273350144659,0.34299975066979005,0.44605585743399223,479.8773175238317,10.0,0.833,0.002,1.5,1.5,10000.0,0.015
run0_params,20,5,delay_frontier,same_grid,default,0|20|35|75|125|175|225,delayed,15,4,2150,0.0625,12.481398648352743,0.9928004709226925,0.6640983919896611,419.0821301083777,10.0,0.833,0.002,1.5,1.5,10000.0,0.015
run0_params,20,5,delay_frontier,same_grid,default,0|20|35|75|125|175|225,delayed,16,4,2150,0.0625,12.667042046713563,0.9984575164619499,0.6640983919896611,419.0821301083777,10.0,0.833,0.002,1.5,1.5,10000.0,0.015
run0_params,20,5,delay_frontier,same_grid,default,0|20|35|75|125|175|225,delayed,17,4,2150,0.0625,12.41676251032611,0.990196866636151,0.663226269848681,419.2802511852816,10.0,0.833,0.002,1.5,1.5,10000.0,0.015
run0_params,20,5,delay_frontier,same_grid,default,0|20|35|75|125|175|225,delayed,18,4,2150,0.0625,13.15692664498604,0.9936394128668462,0.6367275786485362,423.6701885155291,10.0,0.833,0.002,1.5,1.5,10000.0,0.015
run0_params,20,5,delay_frontier,same_grid,default,0|20|35|75|125|175|225,delayed,19,4,2150,0.0625,13.445589593205742,0.9945547585576306,0.62626073724216,425.11868982585116,10.0,0.833,0.002,1.5,1.5,10000.0,0.015
run0_params,20,5,delay_frontier,same_grid,default,0|20|35|75|125|175|225,delayed,20,4,2150,0.0625,12.560335506425593,0.9945983451495068,0.663226269848681,419.2802511852816,10.0,0.833,0.002,1.5,1.5,10000.0,0.015
run0_params,20,5,delay_frontier,same_grid,default,0|20|35|75|125|175|225,delayed,21,4,2150,0.0625,12.41605242970055,0.9715055404377672,0.6367275786485362,423.6701885155291,10.0,0.833,0.002,1.5,1.5,10000.0,0.015
run0_params,20,5,delay_frontier,same_grid,default,0|20|35|75|125|175|225,delayed,22,4,2150,0.0625,11.877073114193054,0.9473305537990442,0.62626073724216,425.11868982585116,10.0,0.833,0.002,1.5,1.5,10000.0,0.015
run0_params,20,5,delay_frontier,same_grid,default,0|20|35|75|125|175|225,delayed,23,4,2150,0.0625,13.343025723496732,0.9722342637495738,0.5987334970569678,432.3014720096049,10.0,0.833,0.002,1.5,1.5,10000.0,0.015
run0_params,20,5,delay_frontier,same_grid,default,0|20|35|75|125|175|225,delayed,24,4,2150,0.0625,10.288392115110568,0.8717198045863511,0.5945002613404591,432.33387510385097,10.0,0.833,0.002,1.5,1.5,10000.0,0.015
run0_params,20,5,delay_frontier,same_grid,default,0|20|35|75|125|175|225,delayed,25,4,2150,0.0625,15.152213870310211,0.9415830171369395,0.4858700319611199,450.7011378236356,10.0,0.833,0.002,1.5,1.5,10000.0,0.015
run0_params,20,5,delay_frontier,same_grid,default,0|20|35|75|125|175|225,delayed,26,4,2150,0.0625,8.814102159996981,0.8179915355828876,0.5987334970569678,432.3014720096049,10.0,0.833,0.002,1.5,1.5,10000.0,0.015
run0_params,20,5,delay_frontier,same_grid,default,0|20|35|75|125|175|225,delayed,27,4,2150,0.0625,5.1628406466837555,0.6302329638414585,0.5945002613404591,432.33387510385097,10.0,0.833,0.002,1.5,1.5,10000.0,0.015
run0_params,20,5,delay_frontier,same_grid,default,0|20|35|75|125|175|225,delayed,28,4,2150,0.0625,11.885303438319273,0.8511525755219853,0.4858700319611199,450.7011378236356,10.0,0.833,0.002,1.5,1.5,10000.0,0.015
run0_params,20,5,delay_frontier,same_grid,default,0|20|35|75|125|175|225,delayed,29,4,2150,0.0625,9.947247484066555,0.752989096132506,0.4342580751016656,462.426071345991,10.0,0.833,0.002,1.5,1.5,10000.0,0.015
run0_params,20,5,delay_frontier,same_grid,default,0|20|35|75|125|175|225,delayed,30,4,2150,0.0625,3.639753369271927,0.43597010077007137,0.4342580751016656,462.426071345991,10.0,0.833,0.002,1.5,1.5,10000.0,0.015
run0_params,20,5,delay_frontier,same_grid,default,0|20|35|75|125|175|225,delayed,31,5,2200,0.03125,3.307567984499835,0.993241097644711,0.6890477576486749,396.50699929017014,10.0,0.833,0.002,1.5,1.5,10000.0,0.015
run0_params,20,5,delay_frontier,same_grid,default,0|20|35|75|125|175|225,delayed,32,5,2200,0.03125,2.6978912237502177,0.9160255886201005,0.6890477576486749,396.50699929017014,10.0,0.833,0.002,1.5,1.5,10000.0,0.015
run0_params,20,5,delay_frontier,same_grid,default,0|20|35|75|125|175|225,delayed,33,5,2200,0.03125,3.1646942416075583,0.9767680824388382,0.6894486539310201,396.40957589222216,10.0,0.833,0.002,1.5,1.5,10000.0,0.015
run0_params,20,5,delay_frontier,same_grid,default,0|20|35|75|125|175|225,delayed,34,5,2200,0.03125,3.292652226827455,0.9904847250679909,0.688023120293574,396.7045552595423,10.0,0.833,0.002,1.5,1.5,10000.0,0.015
run0_params,20,5,delay_frontier,same_grid,default,0|20|35|75|125|175|225,delayed,35,5,2200,0.03125,3.547951462205636,0.9948505267010432,0.6638333930746815,400.541018392786,10.0,0.833,0.002,1.5,1.5,10000.0,0.015
run0_params,20,5,delay_frontier,same_grid,default,0|20|35|75|125|175|225,delayed,36,5,2200,0.03125,3.5691774773875227,0.98752767214939,0.6542361110608423,401.92998440919854,10.0,0.833,0.002,1.5,1.5,10000.0,0.015
run0_params,20,5,delay_frontier,same_grid,default,0|20|35|75|125|175|225,delayed,37,5,2200,0.03125,2.3326867937423024,0.8623678503082683,0.6894486539310201,396.40957589222216,10.0,0.833,0.002,1.5,1.5,10000.0,0.015
run0_params,20,5,delay_frontier,same_grid,default,0|20|35|75|125|175|225,delayed,38,5,2200,0.03125,3.204434748529955,0.9801060075575538,0.688023120293574,396.7045552595423,10.0,0.833,0.002,1.5,1.5,10000.0,0.015
run0_params,20,5,delay_frontier,same_grid,default,0|20|35|75|125|175|225,delayed,39,5,2200,0.03125,3.34133899162629,0.9719325660009537,0.6638333930746815,400.541018392786,10.0,0.833,0.002,1.5,1.5,10000.0,0.015
run0_params,20,5,delay_frontier,same_grid,default,0|20|35|75|125|175|225,delayed,40,5,2200,0.03125,3.491951325685106,0.9791721672679499,0.6542361110608423,401.92998440919854,10.0,0.833,0.002,1.5,1.5,10000.0,0.015
run0_params,20,5,delay_frontier,same_grid,default,0|20|35|75|125|175|225,delayed,41,5,2200,0.03125,3.34723231046888,0.9970937282430625,0.6883350282200174,396.62875473890904,10.0,0.833,0.002,1.5,1.5,10000.0,0.015
run0_params,20,5,delay_frontier,same_grid,default,0|20|35|75|125|175|225,delayed,42,5,2200,0.03125,2.3705167654704438,0.8421813809427887,0.6622648050466131,400.9221991761119,10.0,0.833,0.002,1.5,1.5,10000.0,0.015
run0_params,20,5,delay_frontier,same_grid,default,0|20|35|75|125|175|225,delayed,43,5,2200,0.03125,2.9248232979858613,0.9088969644141357,0.6508895506378772,402.74326097935204,10.0,0.833,0.002,1.5,1.5,10000.0,0.015
run0_params,20,5,delay_frontier,same_grid,default,0|20|35|75|125|175|225,delayed,44,5,2200,0.03125,2.9691768197582427,0.8899678184779409,0.6257131743704369,407.5629041373903,10.0,0.833,0.002,1.5,1.5,10000.0,0.015
run0_params,20,5,delay_frontier,same_grid,default,0|20|35|75|125|175|225,delayed,45,5,2200,0.03125,3.861902881211815,0.9783932897827241,0.6149334689250657,409.60708270141765,10.0,0.833,0.002,1.5,1.5,10000.0,0.015
run0_params,20,5,delay_frontier,same_grid,default,0|20|35|75|125|175|225,delayed,46,5,2200,0.03125,4.115448320708642,0.9082357403586501,0.5194702005993765,424.54381803505083,10.0,0.833,0.002,1.5,1.5,10000.0,0.015
run0_params,20,5,delay_frontier,same_grid,default,0|20|35|75|125|175|225,delayed,47,5,2200,0.03125,3.238922546492062,0.9845055867734593,0.6883350282200174,396.62875473890904,10.0,0.833,0.002,1.5,1.5,10000.0,0.015
run0_params,20,5,delay_frontier,same_grid,default,0|20|35|75|125|175|225,delayed,48,5,2200,0.03125,1.8576885289387168,0.7546481870723482,0.6622648050466131,400.9221991761119,10.0,0.833,0.002,1.5,1.5,10000.0,0.015
run0_params,20,5,delay_frontier,same_grid,default,0|20|35|75|125|175|225,delayed,49,5,2200,0.03125,3.0703320449996743,0.9271057802934074,0.6508895506378772,402.74326097935204,10.0,0.833,0.002,1.5,1.5,10000.0,0.015
run0_params,20,5,delay_frontier,same_grid,default,0|20|35|75|125|175|225,delayed,50,5,2200,0.03125,3.5687302854928484,0.9590719371244982,0.6257131743704369,407.5629041373903,10.0,0.833,0.002,1.5,1.5,10000.0,0.015
run0_params,20,5,delay_frontier,same_grid,default,0|20|35|75|125|175|225,delayed,51,5,2200,0.03125,3.23786061659876,0.9117737124441837,0.6149334689250657,409.60708270141765,10.0,0.833,0.002,1.5,1.5,10000.0,0.015
run0_params,20,5,delay_frontier,same_grid,default,0|20|35|75|125|175|225,delayed,52,5,2200,0.03125,4.970386121642181,0.9795553814608581,0.5194702005993765,424.54381803505083,10.0,0.833,0.002,1.5,1.5,10000.0,0.015
run0_params,20,5,delay_frontier,same_grid,default,0|20|35|75|125|175|225,delayed,53,5,2200,0.03125,3.3987788764517135,0.9298322086369118,0.6147828617412113,410.21921132902696,10.0,0.833,0.002,1.5,1.5,10000.0,0.015
run0_params,20,5,delay_frontier,same_grid,default,0|20|35|75|125|175|225,delayed,54,5,2200,0.03125,2.2151272399754953,0.7573006962557121,0.5978207837447091,413.76587341675577,10.0,0.833,0.002,1.5,1.5,10000.0,0.015
run0_params,20,5,delay_frontier,same_grid,default,0|20|35|75|125|175|225,delayed,55,5,2200,0.03125,4.460159408619509,0.9321471773839527,0.513061842492333,426.10117531491176,10.0,0.833,0.002,1.5,1.5,10000.0,0.015
run0_params,20,5,delay_frontier,same_grid,default,0|20|35|75|125|175|225,delayed,56,5,2200,0.03125,5.468989558119597,0.9533357830450466,0.45638284043425814,436.8296417121299,10.0,0.833,0.002,1.5,1.5,10000.0,0.015
run0_params,20,5,delay_frontier,same_grid,default,0|20|35|75|125|175|225,delayed,57,5,2200,0.03125,3.2455148214914527,0.9125103211892127,0.6147828617412113,410.21921132902696,10.0,0.833,0.002,1.5,1.5,10000.0,0.015
run0_params,20,5,delay_frontier,same_grid,default,0|20|35|75|125|175|225,delayed,58,5,2200,0.03125,0.8765758563743721,0.4610229042046149,0.5978207837447091,413.76587341675577,10.0,0.833,0.002,1.5,1.5,10000.0,0.015
run0_params,20,5,delay_frontier,same_grid,default,0|20|35|75|125|175|225,delayed,59,5,2200,0.03125,2.3612050268026192,0.7025336766892536,0.513061842492333,426.10117531491176,10.0,0.833,0.002,1.5,1.5,10000.0,0.015
run0_params,20,5,delay_frontier,same_grid,default,0|20|35|75|125|175|225,delayed,60,5,2200,0.03125,2.2922459479543402,0.6427479219402936,0.45638284043425814,436.8296417121299,10.0,0.833,0.002,1.5,1.5,10000.0,0.015
run0_params,20,5,delay_frontier,same_grid,default,0|20|35|75|125|175|225,delayed,61,5,2200,0.03125,1.8130070442463462,0.5491110225429304,0.433917543036459,442.28921726651123,10.0,0.833,0.002,1.5,1.5,10000.0,0.015
run0_params,20,5,delay_frontier,same_grid,default,0|20|35|75|125|175|225,delayed,62,5,2200,0.03125,1.6113878592150554e-05,1e-05,0.433917543036459,442.28921726651123,10.0,0.833,0.002,1.5,1.5,10000.0,0.015
run0_params,5,2,delay_frontier,same_grid,default,0|5|35|75|125|175|225,optimal,0,0,2025,1.0,249.6091156871614,0.9496591074747651,0.0,425.6,10.0,0.833,0.002,1.5,1.5,10000.0,0.015
run0_params,5,2,delay_frontier,same_grid,default,0|5|35|75|125|175|225,optimal,1,1,2030,0.5,227.9632847367862,0.9439314171241237,0.9496593090065615,424.6464331295374,10.0,0.833,0.002,1.5,1.5,10000.0,0.015
run0_params,5,2,delay_frontier,same_grid,default,0|5|35|75|125|175|225,optimal,2,1,2030,0.5,126.34870898225806,0.7291645963339662,0.9496593090065615,424.6464331295374,10.0,0.833,0.002,1.5,1.5,10000.0,0.015
run0_params,5,2,delay_frontier,same_grid,default,0|5|35|75|125|175|225,optimal,3,2,2060,0.25,107.925070463088,0.997453704882311,0.945155411430691,414.69828626307446,10.0,0.833,0.002,1.5,1.5,10000.0,0.015
run0_params,5,2,delay_frontier,same_grid,default,0|5|35|75|125|175|225,optimal,4,2,2060,0.25,82.18372126642178,0.8944557073518946,0.945155411430691,414.69828626307446,10.0,0.833,0.002,1.5,1.5,10000.0,0.015
run0_params,5,2,delay_frontier,same_grid,default,0|5|35|75|125|175|225,optimal,5,2,2060,0.25,108.52889521472127,0.9697228400858263,0.7762820426873955,436.6296316463957,10.0,0.833,0.002,1.5,1.5,10000.0,0.015
run0_params,5,2,delay_frontier,same_grid,default,0|5|35|75|125|175|225,optimal,6,2,2060,0.25,42.05785224453806,0.6311340291978549,0.7762820426873955,436.6296316463957,10.0,0.833,0.002,1.5,1.5,10000.0,0.015
run0_params,5,2,delay_frontier,same_grid,default,0|5|35|75|125|175|225,optimal,7,3,2100,0.125,31.41671962025374,0.986376878194087,0.9642943668762601,394.29721703853846,10.0,0.833,0.002,1.5,1.5,10000.0,0.015
run0_params,5,2,delay_frontier,same_grid,default,0|5|35|75|125|175|225,optimal,8,3,2100,0.125,31.258270041576445,0.9844444963006178,0.9642943668762601,394.29721703853846,10.0,0.833,0.002,1.5,1.5,10000.0,0.015
run0_params,5,2,delay_frontier,same_grid,default,0|5|35|75|125|175|225,optimal,9,3,2100,0.125,32.49580633818332,0.9836638961803499,0.926506137345859,401.76212989096376,10.0,0.833,0.002,1.5,1.5,10000.0,0.015
run0_params,5,2,delay_frontier,same_grid,default,0|5|35|75|125|175|225,optimal,10,3,2100,0.125,36.87196642049503,0.9984711396744004,0.8453901637980772,413.47283014781937,10.0,0.833,0.002,1.5,1.5,10000.0,0.015
run0_params,5,2,delay_frontier,same_grid,default,0|5|35|75|125|175|225,optimal,11,3,2100,0.125,15.60026558713938,0.7156051863433209,0.926506137345859,401.76212989096376,10.0,0.833,0.002,1.5,1.5,10000.0,0.015
run0_params,5,2,delay_frontier,same_grid,default,0|5|35|75|125|175|225,optimal,12,3,2100,0.125,16.300136412150724,0.7005524559383535,0.8453901637980772,413.47283014781937,10.0,0.833,0.002,1.5,1.5,10000.0,0.015
run0_params,5,2,delay_frontier,same_grid,default,0|5|35|75|125|175|225,optimal,13,3,2100,0.125,22.92228677052355,0.7727684104031365,0.721167542987435,438.01249132065624,10.0,0.833,0.002,1.5,1.5,10000.0,0.015
run0_params,5,2,delay_frontier,same_grid,default,0|5|35|75|125|175|225,optimal,14,3,2100,0.125,8.180368620438102,0.44444080262976293,0.721167542987435,438.01249132065624,10.0,0.833,0.002,1.5,1.5,10000.0,0.015
run0_params,5,2,delay_frontier,same_grid,default,0|5|35|75|125|175|225,optimal,15,4,2150,0.0625,7.160860208117877,0.994959721429568,0.9674093952412938,372.50816445924255,10.0,0.833,0.002,1.5,1.5,10000.0,0.015
run0_params,5,2,delay_frontier,same_grid,default,0|5|35|75|125|175|225,optimal,16,4,2150,0.0625,6.9628738795541345,0.984232934672979,0.9674093952412938,372.50816445924255,10.0,0.833,0.002,1.5,1.5,10000.0,0.015
run0_params,5,2,delay_frontier,same_grid,default,0|5|35|75|125|175|225,optimal,17,4,2150,0.0625,6.902301291619111,0.9807199995840028,0.9671606336693003,372.5646727761566,10.0,0.833,0.002,1.5,1.5,10000.0,0.015
run0_params,5,2,delay_frontier,same_grid,default,0|5|35|75|125|175|225,optimal,18,4,2150,0.0625,7.408423180470837,0.9839788544925296,0.9336003993547387,378.23030386215294,10.0,0.833,0.002,1.5,1.5,10000.0,0.015
run0_params,5,2,delay_frontier,same_grid,default,0|5|35|75|125|175|225,optimal,19,4,2150,0.0625,8.747773108009644,0.9997302903710809,0.8661169039162587,388.14756688424353,10.0,0.833,0.002,1.5,1.5,10000.0,0.015
run0_params,5,2,delay_frontier,same_grid,default,0|5|35|75|125|175|225,optimal,20,4,2150,0.0625,6.722217146672397,0.9706418610764609,0.9671606336693003,372.5646727761566,10.0,0.833,0.002,1.5,1.5,10000.0,0.015
run0_params,5,2,delay_frontier,same_grid,default,0|5|35|75|125|175|225,optimal,21,4,2150,0.0625,7.6258891885877835,0.9950472430334875,0.9336003993547387,378.23030386215294,10.0,0.833,0.002,1.5,1.5,10000.0,0.015
run0_params,5,2,delay_frontier,same_grid,default,0|5|35|75|125|175|225,optimal,22,4,2150,0.0625,8.206933350000169,0.975327054930617,0.8661169039162587,388.14756688424353,10.0,0.833,0.002,1.5,1.5,10000.0,0.015
run0_params,5,2,delay_frontier,same_grid,default,0|5|35|75|125|175|225,optimal,23,4,2150,0.0625,7.500546778732652,0.9643199756478988,0.8990947254027017,386.06909890305496,10.0,0.833,0.002,1.5,1.5,10000.0,0.015
run0_params,5,2,delay_frontier,same_grid,default,0|5|35|75|125|175|225,optimal,24,4,2150,0.0625,8.879098086844918,0.9782728053176533,0.827767564256684,396.8595523173108,10.0,0.833,0.002,1.5,1.5,10000.0,0.015
run0_params,5,2,delay_frontier,same_grid,default,0|5|35|75|125|175|225,optimal,25,4,2150,0.0625,9.76179487883131,0.9435513994744907,0.7270700290400731,413.29753451291197,10.0,0.833,0.002,1.5,1.5,10000.0,0.015
run0_params,5,2,delay_frontier,same_grid,default,0|5|35|75|125|175|225,optimal,26,4,2150,0.0625,2.897892358942568,0.6254929813272573,0.8990947254027017,386.06909890305496,10.0,0.833,0.002,1.5,1.5,10000.0,0.015
run0_params,5,2,delay_frontier,same_grid,default,0|5|35|75|125|175|225,optimal,27,4,2150,0.0625,4.010776657560536,0.6898814930777566,0.827767564256684,396.8595523173108,10.0,0.833,0.002,1.5,1.5,10000.0,0.015
run0_params,5,2,delay_frontier,same_grid,default,0|5|35|75|125|175|225,optimal,28,4,2150,0.0625,6.043469805046208,0.7676617169900006,0.7270700290400731,413.29753451291197,10.0,0.833,0.002,1.5,1.5,10000.0,0.015
run0_params,5,2,delay_frontier,same_grid,default,0|5|35|75|125|175|225,optimal,29,4,2150,0.0625,3.9076106652990648,0.5940119129259671,0.6848064576056936,422.8987624977157,10.0,0.833,0.002,1.5,1.5,10000.0,0.015
run0_params,5,2,delay_frontier,same_grid,default,0|5|35|75|125|175|225,optimal,30,4,2150,0.0625,2.0208460501643213,0.40229175712532694,0.6848064576056936,422.8987624977157,10.0,0.833,0.002,1.5,1.5,10000.0,0.015
run0_params,5,2,delay_frontier,same_grid,default,0|5|35|75|125|175|225,optimal,31,5,2200,0.03125,1.5765664297696822,0.9910421892996688,0.9694576946693869,353.3283437995099,10.0,0.833,0.002,1.5,1.5,10000.0,0.015
run0_params,5,2,delay_frontier,same_grid,default,0|5|35|75|125|175|225,optimal,32,5,2200,0.03125,1.368712798538576,0.9373159960389321,0.9694576946693869,353.3283437995099,10.0,0.833,0.002,1.5,1.5,10000.0,0.015
run0_params,5,2,delay_frontier,same_grid,default,0|5|35|75|125|175|225,optimal,33,5,2200,0.03125,1.5970775336290446,0.9952270685821345,0.968697554637669,353.51307626951626,10.0,0.833,0.002,1.5,1.5,10000.0,0.015
run0_params,5,2,delay_frontier,same_grid,default,0|5|35|75|125|175|225,optimal,34,5,2200,0.03125,1.4909882639991885,0.9684919824539034,0.9682090160417799,353.61713297534754,10.0,0.833,0.002,1.5,1.5,10000.0,0.015
run0_params,5,2,delay_frontier,same_grid,default,0|5|35|75|125|175|225,optimal,35,5,2200,0.03125,1.6649549163519095,0.979728534469114,0.9374238308280564,358.5432747161336,10.0,0.833,0.002,1.5,1.5,10000.0,0.015
run0_params,5,2,delay_frontier,same_grid,default,0|5|35|75|125|175|225,optimal,36,5,2200,0.03125,1.620021600140343,0.9087114892939392,0.8762552540445268,367.57947909274986,10.0,0.833,0.002,1.5,1.5,10000.0,0.015
run0_params,5,2,delay_frontier,same_grid,default,0|5|35|75|125|175|225,optimal,37,5,2200,0.03125,1.4982763585271743,0.9708364980705025,0.968697554637669,353.51307626951626,10.0,0.833,0.002,1.5,1.5,10000.0,0.015
run0_params,5,2,delay_frontier,same_grid,default,0|5|35|75|125|175|225,optimal,38,5,2200,0.03125,1.0806693653583914,0.84820825669155,0.9682090160417799,353.61713297534754,10.0,0.833,0.002,1.5,1.5,10000.0,0.015
run0_params,5,2,delay_frontier,same_grid,default,0|5|35|75|125|175|225,optimal,39,5,2200,0.03125,1.5470832198675377,0.9518112983073983,0.9374238308280564,358.5432747161336,10.0,0.833,0.002,1.5,1.5,10000.0,0.015
run0_params,5,2,delay_frontier,same_grid,default,0|5|35|75|125|175|225,optimal,40,5,2200,0.03125,1.978479273798198,0.9842945450644885,0.8762552540445268,367.57947909274986,10.0,0.833,0.002,1.5,1.5,10000.0,0.015
run0_params,5,2,delay_frontier,same_grid,default,0|5|35|75|125|175|225,optimal,41,5,2200,0.03125,1.204790266912439,0.8876282131738403,0.9674947910105022,353.7906946964752,10.0,0.833,0.002,1.5,1.5,10000.0,0.015
run0_params,5,2,delay_frontier,same_grid,default,0|5|35|75|125|175|225,optimal,42,5,2200,0.03125,1.6608886882982734,0.9795814577191194,0.9382081248420905,358.35265931679123,10.0,0.833,0.002,1.5,1.5,10000.0,0.015
run0_params,5,2,delay_frontier,same_grid,default,0|5|35|75|125|175|225,optimal,43,5,2200,0.03125,1.9882191499560218,0.9844371763155367,0.8745258887347866,367.9997419490528,10.0,0.833,0.002,1.5,1.5,10000.0,0.015
run0_params,5,2,delay_frontier,same_grid,default,0|5|35|75|125|175|225,optimal,44,5,2200,0.03125,1.7555904395203261,0.9652799953286151,0.9027881418884907,364.92421276972277,10.0,0.833,0.002,1.5,1.5,10000.0,0.015
run0_params,5,2,delay_frontier,same_grid,default,0|5|35|75|125|175|225,optimal,45,5,2200,0.03125,1.91572230416438,0.9337720503409983,0.8377891024542294,374.6644736266021,10.0,0.833,0.002,1.5,1.5,10000.0,0.015
run0_params,5,2,delay_frontier,same_grid,default,0|5|35|75|125|175|225,optimal,46,5,2200,0.03125,2.8317908686547333,0.9874906087337187,0.7426421540827131,389.955117104962,10.0,0.833,0.002,1.5,1.5,10000.0,0.015
run0_params,5,2,delay_frontier,same_grid,default,0|5|35|75|125|175|225,optimal,47,5,2200,0.03125,0.31547410788116126,0.44616410660465244,0.9674947910105022,353.7906946964752,10.0,0.833,0.002,1.5,1.5,10000.0,0.015
run0_params,5,2,delay_frontier,same_grid,default,0|5|35|75|125|175|225,optimal,48,5,2200,0.03125,0.7897643688736268,0.7086275404455165,0.9382081248420905,358.35265931679123,10.0,0.833,0.002,1.5,1.5,10000.0,0.015
run0_params,5,2,delay_frontier,same_grid,default,0|5|35|75|125|175|225,optimal,49,5,2200,0.03125,1.3428102654092124,0.8376786978898423,0.8745258887347866,367.9997419490528,10.0,0.833,0.002,1.5,1.5,10000.0,0.015
run0_params,5,2,delay_frontier,same_grid,default,0|5|35|75|125|175|225,optimal,50,5,2200,0.03125,0.8689476090130549,0.7095044320046747,0.9027881418884907,364.92421276972277,10.0,0.833,0.002,1.5,1.5,10000.0,0.015
run0_params,5,2,delay_frontier,same_grid,default,0|5|35|75|125|175|225,optimal,51,5,2200,0.03125,1.909886227595939,0.9326225534030373,0.8377891024542294,374.6644736266021,10.0,0.833,0.002,1.5,1.5,10000.0,0.015
run0_params,5,2,delay_frontier,same_grid,default,0|5|35|75|125|175|225,optimal,52,5,2200,0.03125,2.91017145527576,0.9979443518759276,0.7426421540827131,389.955117104962,10.0,0.833,0.002,1.5,1.5,10000.0,0.015
run0_params,5,2,delay_frontier,same_grid,default,0|5|35|75|125|175|225,optimal,53,5,2200,0.03125,0.32763524729185967,0.3942083033761003,0.8787774383032362,370.7593570952182,10.0,0.833,0.002,1.5,1.5,10000.0,0.015
run0_params,5,2,delay_frontier,same_grid,default,0|5|35|75|125|175|225,optimal,54,5,2200,0.03125,1.3165760316594195,0.7765179405483313,0.8173525152306039,379.6310345599119,10.0,0.833,0.002,1.5,1.5,10000.0,0.015
run0_params,5,2,delay_frontier,same_grid,default,0|5|35|75|125|175|225,optimal,55,5,2200,0.03125,2.113859860432967,0.8653478190479116,0.7301778766260767,392.9842196029712,10.0,0.833,0.002,1.5,1.5,10000.0,0.015
run0_params,5,2,delay_frontier,same_grid,default,0|5|35|75|125|175|225,optimal,56,5,2200,0.03125,1.0615307754649148,0.5802323562632368,0.6771556977545279,403.3756650394788,10.0,0.833,0.002,1.5,1.5,10000.0,0.015
run0_params,5,2,delay_frontier,same_grid,default,0|5|35|75|125|175|225,optimal,57,5,2200,0.03125,0.283244562312553,0.3579391464396865,0.8787774383032362,370.7593570952182,10.0,0.833,0.002,1.5,1.5,10000.0,0.015
run0_params,5,2,delay_frontier,same_grid,default,0|5|35|75|125|175|225,optimal,58,5,2200,0.03125,0.19274860194937538,0.2416862018862143,0.8173525152306039,379.6310345599119,10.0,0.833,0.002,1.5,1.5,10000.0,0.015
run0_params,5,2,delay_frontier,same_grid,default,0|5|35|75|125|175|225,optimal,59,5,2200,0.03125,1.7822843874958338,0.8031779496431246,0.7301778766260767,392.9842196029712,10.0,0.833,0.002,1.5,1.5,10000.0,0.015
run0_params,5,2,delay_frontier,same_grid,default,0|5|35|75|125|175|225,optimal,60,5,2200,0.03125,3.104271728855085,0.95720505348024,0.6771556977545279,403.3756650394788,10.0,0.833,0.002,1.5,1.5,10000.0,0.015
run0_params,5,2,delay_frontier,same_grid,default,0|5|35|75|125|175|225,optimal,61,5,2200,0.03125,0.6559947984240191,0.428539245540753,0.6635695687724777,406.67739377857293,10.0,0.833,0.002,1.5,1.5,10000.0,0.015
run0_params,5,2,delay_frontier,same_grid,default,0|5|35|75|125|175|225,optimal,62,5,2200,0.03125,0.7018532829454717,0.4469755414093134,0.6635695687724777,406.67739377857293,10.0,0.833,0.002,1.5,1.5,10000.0,0.015
run0_params,5,2,delay_frontier,same_grid,default,0|5|35|75|125|175|225,delayed,0,0,2025,1.0,0.0,0.0,0.0,425.6,10.0,0.833,0.002,1.5,1.5,10000.0,0.015
run0_params,5,2,delay_frontier,same_grid,default,0|5|35|75|125|175|225,delayed,1,1,2030,0.5,242.23643877443297,0.966956451124923,1.1149141078137248e-06,447.7808445891872,10.0,0.833,0.002,1.5,1.5,10000.0,0.015
run0_params,5,2,delay_frontier,same_grid,default,0|5|35|75|125|175|225,delayed,2,1,2030,0.5,132.87178177087554,0.7467508785673302,1.1149141078137248e-06,447.7808445891872,10.0,0.833,0.002,1.5,1.5,10000.0,0.015
run0_params,5,2,delay_frontier,same_grid,default,0|5|35|75|125|175|225,delayed,3,2,2060,0.25,117.45979119494105,0.9971120771320127,0.7603275872420262,435.284927818868,10.0,0.833,0.002,1.5,1.5,10000.0,0.015
run0_params,5,2,delay_frontier,same_grid,default,0|5|35|75|125|175|225,delayed,4,2,2060,0.25,89.19796064874116,0.8930975149467564,0.7603275872420262,435.284927818868,10.0,0.833,0.002,1.5,1.5,10000.0,0.015
run0_params,5,2,delay_frontier,same_grid,default,0|5|35|75|125|175|225,delayed,5,2,2060,0.25,118.46281066364857,0.9698306934737335,0.5871776036781023,457.77166228960215,10.0,0.833,0.002,1.5,1.5,10000.0,0.015
run0_params,5,2,delay_frontier,same_grid,default,0|5|35|75|125|175|225,delayed,6,2,2060,0.25,44.76078853035215,0.6229507837025167,0.5871776036781023,457.77166228960215,10.0,0.833,0.002,1.5,1.5,10000.0,0.015
run0_params,5,2,delay_frontier,same_grid,default,0|5|35|75|125|175|225,delayed,7,3,2100,0.125,36.28737900388952,0.9964747377652521,0.8553659593480818,411.13738191324904,10.0,0.833,0.002,1.5,1.5,10000.0,0.015
run0_params,5,2,delay_frontier,same_grid,default,0|5|35|75|125|175|225,delayed,8,3,2100,0.125,35.80469581382566,0.9913460233812028,0.8553659593480818,411.13738191324904,10.0,0.833,0.002,1.5,1.5,10000.0,0.015
run0_params,5,2,delay_frontier,same_grid,default,0|5|35|75|125|175|225,delayed,9,3,2100,0.125,37.31234122224077,0.9913616607795013,0.8172047345295206,418.67597155602294,10.0,0.833,0.002,1.5,1.5,10000.0,0.015
run0_params,5,2,delay_frontier,same_grid,default,0|5|35|75|125|175|225,delayed,10,3,2100,0.125,40.06952614094302,0.984248729555049,0.7338731989747171,430.71512449860813,10.0,0.833,0.002,1.5,1.5,10000.0,0.015
run0_params,5,2,delay_frontier,same_grid,default,0|5|35|75|125|175|225,delayed,11,3,2100,0.125,17.83303895708099,0.7210290330519824,0.8172047345295206,418.67597155602294,10.0,0.833,0.002,1.5,1.5,10000.0,0.015
run0_params,5,2,delay_frontier,same_grid,default,0|5|35|75|125|175|225,delayed,12,3,2100,0.125,20.125793435118762,0.7318156220836254,0.7338731989747171,430.71512449860813,10.0,0.833,0.002,1.5,1.5,10000.0,0.015
run0_params,5,2,delay_frontier,same_grid,default,0|5|35|75|125|175|225,delayed,13,3,2100,0.125,27.139497223069792,0.788994657586898,0.6066086693811472,455.8556935611271,10.0,0.833,0.002,1.5,1.5,10000.0,0.015
run0_params,5,2,delay_frontier,same_grid,default,0|5|35|75|125|175|225,delayed,14,3,2100,0.125,7.775098713122266,0.3979887969573724,0.6066086693811472,455.8556935611271,10.0,0.833,0.002,1.5,1.5,10000.0,0.015
run0_params,5,2,delay_frontier,same_grid,default,0|5|35|75|125|175|225,delayed,15,4,2150,0.0625,8.378631538879855,0.9893000905952369,0.8746946463842439,387.11483748178176,10.0,0.833,0.002,1.5,1.5,10000.0,0.015
run0_params,5,2,delay_frontier,same_grid,default,0|5|35|75|125|175|225,delayed,16,4,2150,0.0625,8.413249026671137,0.9908777303479928,0.8746946463842439,387.11483748178176,10.0,0.833,0.002,1.5,1.5,10000.0,0.015
run0_params,5,2,delay_frontier,same_grid,default,0|5|35|75|125|175|225,delayed,17,4,2150,0.0625,8.576476224696604,0.9977696196425939,0.8740344652182315,387.26481559850026,10.0,0.833,0.002,1.5,1.5,10000.0,0.015
run0_params,5,2,delay_frontier,same_grid,default,0|5|35|75|125|175|225,delayed,18,4,2150,0.0625,8.59446481315357,0.974656566751211,0.840246509672834,392.9628554814625,10.0,0.833,0.002,1.5,1.5,10000.0,0.015
run0_params,5,2,delay_frontier,same_grid,default,0|5|35|75|125|175|225,delayed,19,4,2150,0.0625,9.947083905350508,0.9794525929802957,0.7680411570566559,403.80734329014666,10.0,0.833,0.002,1.5,1.5,10000.0,0.015
run0_params,5,2,delay_frontier,same_grid,default,0|5|35|75|125|175|225,delayed,20,4,2150,0.0625,8.608254956546983,0.9991877451768048,0.8740344652182315,387.26481559850026,10.0,0.833,0.002,1.5,1.5,10000.0,0.015
run0_params,5,2,delay_frontier,same_grid,default,0|5|35|75|125|175|225,delayed,21,4,2150,0.0625,8.328229792031706,0.9626829211665622,0.840246509672834,392.9628554814625,10.0,0.833,0.002,1.5,1.5,10000.0,0.015
run0_params,5,2,delay_frontier,same_grid,default,0|5|35|75|125|175|225,delayed,22,4,2150,0.0625,9.063237230092668,0.944111971099971,0.7680411570566559,403.80734329014666,10.0,0.833,0.002,1.5,1.5,10000.0,0.015
run0_params,5,2,delay_frontier,same_grid,default,0|5|35|75|125|175|225,delayed,23,4,2150,0.0625,9.487504910364793,0.9878120463062813,0.805448213129929,400.86814618653614,10.0,0.833,0.002,1.5,1.5,10000.0,0.015
run0_params,5,2,delay_frontier,same_grid,default,0|5|35|75|125|175|225,delayed,24,4,2150,0.0625,11.106484870502234,0.9986485261824068,0.7355470206436692,411.1892014626413,10.0,0.833,0.002,1.5,1.5,10000.0,0.015
run0_params,5,2,delay_frontier,same_grid,default,0|5|35|75|125|175|225,delayed,25,4,2150,0.0625,13.180751264885105,0.9897357591348838,0.6302203675992315,428.52113845281355,10.0,0.833,0.002,1.5,1.5,10000.0,0.015
run0_params,5,2,delay_frontier,same_grid,default,0|5|35|75|125|175|225,delayed,26,4,2150,0.0625,5.672080057028828,0.7967321325662824,0.805448213129929,400.86814618653614,10.0,0.833,0.002,1.5,1.5,10000.0,0.015
run0_params,5,2,delay_frontier,same_grid,default,0|5|35|75|125|175|225,delayed,27,4,2150,0.0625,6.0805349576092045,0.7753938452531145,0.7355470206436692,411.1892014626413,10.0,0.833,0.002,1.5,1.5,10000.0,0.015
run0_params,5,2,delay_frontier,same_grid,default,0|5|35|75|125|175|225,delayed,28,4,2150,0.0625,7.041889686457662,0.7584905577399252,0.6302203675992315,428.52113845281355,10.0,0.833,0.002,1.5,1.5,10000.0,0.015
run0_params,5,2,delay_frontier,same_grid,default,0|5|35|75|125|175|225,delayed,29,4,2150,0.0625,7.778982226864497,0.7608620223775273,0.5798885536504357,439.955256025828,10.0,0.833,0.002,1.5,1.5,10000.0,0.015
run0_params,5,2,delay_frontier,same_grid,default,0|5|35|75|125|175|225,delayed,30,4,2150,0.0625,1.8635308073600783,0.3348231079375752,0.5798885536504357,439.955256025828,10.0,0.833,0.002,1.5,1.5,10000.0,0.015
run0_params,5,2,delay_frontier,same_grid,default,0|5|35|75|125|175|225,delayed,31,5,2200,0.03125,2.021536560422616,0.9997458874783223,0.8834325014586164,367.0771183897657,10.0,0.833,0.002,1.5,1.5,10000.0,0.015
run0_params,5,2,delay_frontier,same_grid,default,0|5|35|75|125|175|225,delayed,32,5,2200,0.03125,2.009279245458743,0.997413853378153,0.8834325014586164,367.0771183897657,10.0,0.833,0.002,1.5,1.5,10000.0,0.015
run0_params,5,2,delay_frontier,same_grid,default,0|5|35|75|125|175|225,delayed,33,5,2200,0.03125,1.9712597252260966,0.9902098631584453,0.8835442977544765,367.0499489053974,10.0,0.833,0.002,1.5,1.5,10000.0,0.015
run0_params,5,2,delay_frontier,same_grid,default,0|5|35|75|125|175|225,delayed,34,5,2200,0.03125,1.6365525152864042,0.9195341468829061,0.8833966817758625,367.0468671887554,10.0,0.833,0.002,1.5,1.5,10000.0,0.015
run0_params,5,2,delay_frontier,same_grid,default,0|5|35|75|125|175|225,delayed,35,5,2200,0.03125,1.8599281084683623,0.9352318269674998,0.8505362731464771,372.4582273092568,10.0,0.833,0.002,1.5,1.5,10000.0,0.015
run0_params,5,2,delay_frontier,same_grid,default,0|5|35|75|125|175|225,delayed,36,5,2200,0.03125,2.589010511206,0.9947628730165966,0.7841170842442027,382.4425741621132,10.0,0.833,0.002,1.5,1.5,10000.0,0.015
run0_params,5,2,delay_frontier,same_grid,default,0|5|35|75|125|175|225,delayed,37,5,2200,0.03125,1.638288910769997,0.9200774390042749,0.8835442977544765,367.0499489053974,10.0,0.833,0.002,1.5,1.5,10000.0,0.015
run0_params,5,2,delay_frontier,same_grid,default,0|5|35|75|125|175|225,delayed,38,5,2200,0.03125,1.381060844674124,0.8564882664425991,0.8833966817758625,367.0468671887554,10.0,0.833,0.002,1.5,1.5,10000.0,0.015
run0_params,5,2,delay_frontier,same_grid,default,0|5|35|75|125|175|225,delayed,39,5,2200,0.03125,2.1900339015374124,0.9973520191559362,0.8505362731464771,372.4582273092568,10.0,0.833,0.002,1.5,1.5,10000.0,0.015
run0_params,5,2,delay_frontier,same_grid,default,0|5|35|75|125|175|225,delayed,40,5,2200,0.03125,1.1969192056890727,0.7126071416592379,0.7841170842442027,382.4425741621132,10.0,0.833,0.002,1.5,1.5,10000.0,0.015
run0_params,5,2,delay_frontier,same_grid,default,0|5|35|75|125|175|225,delayed,41,5,2200,0.03125,1.64589202577554,0.9217690896838882,0.8834971862719401,367.02244479220536,10.0,0.833,0.002,1.5,1.5,10000.0,0.015
run0_params,5,2,delay_frontier,same_grid,default,0|5|35|75|125|175|225,delayed,42,5,2200,0.03125,2.0601470355868203,0.9731367273445218,0.8496877429999052,372.66443268429674,10.0,0.833,0.002,1.5,1.5,10000.0,0.015
run0_params,5,2,delay_frontier,same_grid,default,0|5|35|75|125|175|225,delayed,43,5,2200,0.03125,2.588693152092857,0.9922030850603182,0.7816126976566736,383.05119636678774,10.0,0.833,0.002,1.5,1.5,10000.0,0.015
run0_params,5,2,delay_frontier,same_grid,default,0|5|35|75|125|175|225,delayed,44,5,2200,0.03125,2.3805401750957023,0.9965657457561288,0.817943951286763,378.3253063484116,10.0,0.833,0.002,1.5,1.5,10000.0,0.015
run0_params,5,2,delay_frontier,same_grid,default,0|5|35|75|125|175|225,delayed,45,5,2200,0.03125,2.527125139777672,0.9556440442550873,0.754172577263295,387.80214924651887,10.0,0.833,0.002,1.5,1.5,10000.0,0.015
run0_params,5,2,delay_frontier,same_grid,default,0|5|35|75|125|175|225,delayed,46,5,2200,0.03125,3.1996681733403975,0.9482062025189483,0.6565008273284838,403.38692199997456,10.0,0.833,0.002,1.5,1.5,10000.0,0.015
run0_params,5,2,delay_frontier,same_grid,default,0|5|35|75|125|175|225,delayed,47,5,2200,0.03125,1.725723787064572,0.9396002641487753,0.8834971862719401,367.02244479220536,10.0,0.833,0.002,1.5,1.5,10000.0,0.015
run0_params,5,2,delay_frontier,same_grid,default,0|5|35|75|125|175|225,delayed,48,5,2200,0.03125,1.3218355706122429,0.8083248289156264,0.8496877429999052,372.66443268429674,10.0,0.833,0.002,1.5,1.5,10000.0,0.015
run0_params,5,2,delay_frontier,same_grid,default,0|5|35|75|125|175|225,delayed,49,5,2200,0.03125,2.0242047080144516,0.8992235800266604,0.7816126976566736,383.05119636678774,10.0,0.833,0.002,1.5,1.5,10000.0,0.015
run0_params,5,2,delay_frontier,same_grid,default,0|5|35|75|125|175|225,delayed,50,5,2200,0.03125,2.2031053274010186,0.9669908219161023,0.817943951286763,378.3253063484116,10.0,0.833,0.002,1.5,1.5,10000.0,0.015
run0_params,5,2,delay_frontier,same_grid,default,0|5|35|75|125|175|225,delayed,51,5,2200,0.03125,1.1892130139515744,0.6835698115170336,0.754172577263295,387.80214924651887,10.0,0.833,0.002,1.5,1.5,10000.0,0.015
run0_params,5,2,delay_frontier,same_grid,default,0|5|35|75|125|175|225,delayed,52,5,2200,0.03125,2.3327810770497854,0.8308300918387634,0.6565008273284838,403.38692199997456,10.0,0.833,0.002,1.5,1.5,10000.0,0.015
run0_params,5,2,delay_frontier,same_grid,default,0|5|35|75|125|175|225,delayed,53,5,2200,0.03125,1.2722034944615004,0.7523760859324025,0.8044032138442359,381.61600894940784,10.0,0.833,0.002,1.5,1.5,10000.0,0.015
run0_params,5,2,delay_frontier,same_grid,default,0|5|35|75|125|175|225,delayed,54,5,2200,0.03125,2.536426572460793,0.941357433020098,0.7383517936262693,391.6469529789019,10.0,0.833,0.002,1.5,1.5,10000.0,0.015
run0_params,5,2,delay_frontier,same_grid,default,0|5|35|75|125|175|225,delayed,55,5,2200,0.03125,3.5874814391665995,0.9753833990880187,0.6401138085394495,407.3693353527761,10.0,0.833,0.002,1.5,1.5,10000.0,0.015
run0_params,5,2,delay_frontier,same_grid,default,0|5|35|75|125|175|225,delayed,56,5,2200,0.03125,3.3216102895902093,0.8987264065123992,0.591792458263459,416.1422590103036,10.0,0.833,0.002,1.5,1.5,10000.0,0.015
run0_params,5,2,delay_frontier,same_grid,default,0|5|35|75|125|175|225,delayed,57,5,2200,0.03125,0.199508779526471,0.2417835989937476,0.8044032138442359,381.61600894940784,10.0,0.833,0.002,1.5,1.5,10000.0,0.015
run0_params,5,2,delay_frontier,same_grid,default,0|5|35|75|125|175|225,delayed,58,5,2200,0.03125,0.38712965652361236,0.34466065211404656,0.7383517936262693,391.6469529789019,10.0,0.833,0.002,1.5,1.5,10000.0,0.015
run0_params,5,2,delay_frontier,same_grid,default,0|5|35|75|125|175|225,delayed,59,5,2200,0.03125,0.41698138874977086,0.3033206846385679,0.6401138085394495,407.3693353527761,10.0,0.833,0.002,1.5,1.5,10000.0,0.015
run0_params,5,2,delay_frontier,same_grid,default,0|5|35|75|125|175|225,delayed,60,5,2200,0.03125,2.952706005809429,0.8551578050672337,0.591792458263459,416.1422590103036,10.0,0.833,0.002,1.5,1.5,10000.0,0.015
run0_params,5,2,delay_frontier,same_grid,default,0|5|35|75|125|175|225,delayed,61,5,2200,0.03125,1.8191747481105731,0.6571575059556342,0.561601475970742,423.47933259979493,10.0,0.833,0.002,1.5,1.5,10000.0,0.015
run0_params,5,2,delay_frontier,same_grid,default,0|5|35|75|125|175|225,delayed,62,5,2200,0.03125,0.24762019646335087,0.17348544622364728,0.561601475970742,423.47933259979493,10.0,0.833,0.002,1.5,1.5,10000.0,0.015
run0_params,15,4,delay_frontier,same_grid,default,0|15|35|75|125|175|225,optimal,0,0,2025,1.0,205.2597799805289,0.8764197772637115,0.0,425.6,10.0,0.833,0.002,1.5,1.5,10000.0,0.015
run0_params,15,4,delay_frontier,same_grid,default,0|15|35|75|125|175|225,optimal,1,1,2040,0.5,195.7511916990314,0.9946040448268499,0.8764196841154474,425.9055344350166,10.0,0.833,0.002,1.5,1.5,10000.0,0.015
run0_params,15,4,delay_frontier,same_grid,default,0|15|35|75|125|175|225,optimal,2,1,2040,0.5,125.07639453527247,0.8271645176740593,0.8764196841154474,425.9055344350166,10.0,0.833,0.002,1.5,1.5,10000.0,0.015
run0_params,15,4,delay_frontier,same_grid,default,0|15|35|75|125|175|225,optimal,3,2,2060,0.25,109.01533656325329,0.9994764481627667,0.9348508769022248,415.2268793985687,10.0,0.833,0.002,1.5,1.5,10000.0,0.015
run0_params,15,4,delay_frontier,same_grid,default,0|15|35|75|125|175|225,optimal,4,2,2060,0.25,78.92307676380663,0.8776534222163401,0.9348508769022248,415.2268793985687,10.0,0.833,0.002,1.5,1.5,10000.0,0.015
run0_params,15,4,delay_frontier,same_grid,default,0|15|35|75|125|175|225,optimal,5,2,2060,0.25,97.31266840187791,0.9416535883160475,0.8520677200456225,426.7515711969639,10.0,0.833,0.002,1.5,1.5,10000.0,0.015
run0_params,15,4,delay_frontier,same_grid,default,0|15|35|75|125|175|225,optimal,6,2,2060,0.25,36.32533723343193,0.5950294788983066,0.8520677200456225,426.7515711969639,10.0,0.833,0.002,1.5,1.5,10000.0,0.015
run0_params,15,4,delay_frontier,same_grid,default,0|15|35|75|125|175|225,optimal,7,3,2100,0.125,32.52978761095994,0.998309474753226,0.9609224069585101,394.62112470797155,10.0,0.833,0.002,1.5,1.5,10000.0,0.015
run0_params,15,4,delay_frontier,same_grid,default,0|15|35|75|125|175|225,optimal,8,3,2100,0.125,29.949314416372385,0.9667468828595818,0.9609224069585101,394.62112470797155,10.0,0.833,0.002,1.5,1.5,10000.0,0.015
run0_params,15,4,delay_frontier,same_grid,default,0|15|35|75|125|175|225,optimal,9,3,2100,0.125,33.38691557931587,0.9897579218145844,0.9162275761383711,403.45040579337535,10.0,0.833,0.002,1.5,1.5,10000.0,0.015
run0_params,15,4,delay_frontier,same_grid,default,0|15|35|75|125|175|225,optimal,10,3,2100,0.125,35.30447075480902,0.99778562625492,0.8839510130304488,407.8286286882321,10.0,0.833,0.002,1.5,1.5,10000.0,0.015
run0_params,15,4,delay_frontier,same_grid,default,0|15|35|75|125|175|225,optimal,11,3,2100,0.125,18.404642259695308,0.7695917258089209,0.9162275761383711,403.45040579337535,10.0,0.833,0.002,1.5,1.5,10000.0,0.015
run0_params,15,4,delay_frontier,same_grid,default,0|15|35|75|125|175|225,optimal,12,3,2100,0.125,18.04745018891027,0.7503530505497303,0.8839510130304488,407.8286286882321,10.0,0.833,0.002,1.5,1.5,10000.0,0.015
run0_params,15,4,delay_frontier,same_grid,default,0|15|35|75|125|175|225,optimal,13,3,2100,0.125,22.7652405582241,0.7839931923573684,0.7567805292573978,432.95065877539514,10.0,0.833,0.002,1.5,1.5,10000.0,0.015
run0_params,15,4,delay_frontier,same_grid,default,0|15|35|75|125|175|225,optimal,14,3,2100,0.125,7.956020685034236,0.4473599789047734,0.7567805292573978,432.95065877539514,10.0,0.833,0.002,1.5,1.5,10000.0,0.015
run0_params,15,4,delay_frontier,same_grid,default,0|15|35|75|125|175|225,optimal,15,4,2150,0.0625,7.270812565562893,0.9998356933022869,0.9660518076902977,372.5682371797544,10.0,0.833,0.002,1.5,1.5,10000.0,0.015
run0_params,15,4,delay_frontier,same_grid,default,0|15|35|75|125|175|225,optimal,16,4,2150,0.0625,7.222157790877379,0.9972611661687635,0.9660518076902977,372.5682371797544,10.0,0.833,0.002,1.5,1.5,10000.0,0.015
run0_params,15,4,delay_frontier,same_grid,default,0|15|35|75|125|175|225,optimal,17,4,2150,0.0625,7.152165439292157,0.990645257520652,0.9619889178127761,373.4912166573513,10.0,0.833,0.002,1.5,1.5,10000.0,0.015
run0_params,15,4,delay_frontier,same_grid,default,0|15|35|75|125|175|225,optimal,18,4,2150,0.0625,7.829235973595864,0.9992906120679598,0.925375729996255,379.4924528431966,10.0,0.833,0.002,1.5,1.5,10000.0,0.015
run0_params,15,4,delay_frontier,same_grid,default,0|15|35|75|125|175|225,optimal,19,4,2150,0.0625,8.103342245664635,0.9938019365328947,0.8990783786761102,383.2567150898437,10.0,0.833,0.002,1.5,1.5,10000.0,0.015
run0_params,15,4,delay_frontier,same_grid,default,0|15|35|75|125|175|225,optimal,20,4,2150,0.0625,6.1076469838076175,0.930709133153384,0.9619889178127761,373.4912166573513,10.0,0.833,0.002,1.5,1.5,10000.0,0.015
run0_params,15,4,delay_frontier,same_grid,default,0|15|35|75|125|175|225,optimal,21,4,2150,0.0625,7.105525341745393,0.9622680149620949,0.925375729996255,379.4924528431966,10.0,0.833,0.002,1.5,1.5,10000.0,0.015
run0_params,15,4,delay_frontier,same_grid,default,0|15|35|75|125|175|225,optimal,22,4,2150,0.0625,7.188385209804705,0.9481877528730215,0.8990783786761102,383.2567150898437,10.0,0.833,0.002,1.5,1.5,10000.0,0.015
run0_params,15,4,delay_frontier,same_grid,default,0|15|35|75|125|175|225,optimal,23,4,2150,0.0625,7.955733224062524,0.9853203034362066,0.8970350378521564,385.9307352617444,10.0,0.833,0.002,1.5,1.5,10000.0,0.015
run0_params,15,4,delay_frontier,same_grid,default,0|15|35|75|125|175|225,optimal,24,4,2150,0.0625,8.556491877789902,0.9920467699438869,0.8672278339293771,390.49234352584534,10.0,0.833,0.002,1.5,1.5,10000.0,0.015
run0_params,15,4,delay_frontier,same_grid,default,0|15|35|75|125|175|225,optimal,25,4,2150,0.0625,9.362235501577548,0.9500344490399915,0.7589544001814363,408.4986106144305,10.0,0.833,0.002,1.5,1.5,10000.0,0.015
run0_params,15,4,delay_frontier,same_grid,default,0|15|35|75|125|175|225,optimal,26,4,2150,0.0625,3.1755424143102933,0.6544295857148549,0.8970350378521564,385.9307352617444,10.0,0.833,0.002,1.5,1.5,10000.0,0.015
run0_params,15,4,delay_frontier,same_grid,default,0|15|35|75|125|175|225,optimal,27,4,2150,0.0625,3.2594434559457697,0.6447526341319743,0.8672278339293771,390.49234352584534,10.0,0.833,0.002,1.5,1.5,10000.0,0.015
run0_params,15,4,delay_frontier,same_grid,default,0|15|35|75|125|175|225,optimal,28,4,2150,0.0625,4.925521101303786,0.7166909333345832,0.7589544001814363,408.4986106144305,10.0,0.833,0.002,1.5,1.5,10000.0,0.015
run0_params,15,4,delay_frontier,same_grid,default,0|15|35|75|125|175|225,optimal,29,4,2150,0.0625,4.9962359552973465,0.6940829579169241,0.7156215747943083,418.34271774300527,10.0,0.833,0.002,1.5,1.5,10000.0,0.015
run0_params,15,4,delay_frontier,same_grid,default,0|15|35|75|125|175|225,optimal,30,4,2150,0.0625,1.691137777482291,0.3715604095559566,0.7156215747943083,418.34271774300527,10.0,0.833,0.002,1.5,1.5,10000.0,0.015
run0_params,15,4,delay_frontier,same_grid,default,0|15|35|75|125|175|225,optimal,31,5,2200,0.03125,1.535850697218039,0.9801898362835958,0.968609089742684,353.39230919223985,10.0,0.833,0.002,1.5,1.5,10000.0,0.015
run0_params,15,4,delay_frontier,same_grid,default,0|15|35|75|125|175|225,optimal,32,5,2200,0.03125,1.616797457052863,0.9998423196829755,0.968609089742684,353.39230919223985,10.0,0.833,0.002,1.5,1.5,10000.0,0.015
run0_params,15,4,delay_frontier,same_grid,default,0|15|35|75|125|175|225,optimal,33,5,2200,0.03125,1.0254180783485465,0.8292585842829259,0.9684267010031503,353.4366466793127,10.0,0.833,0.002,1.5,1.5,10000.0,0.015
run0_params,15,4,delay_frontier,same_grid,default,0|15|35|75|125|175|225,optimal,34,5,2200,0.03125,1.604304785083108,0.9922731375546103,0.964043687964385,354.2620437768114,10.0,0.833,0.002,1.5,1.5,10000.0,0.015
run0_params,15,4,delay_frontier,same_grid,default,0|15|35|75|125|175|225,optimal,35,5,2200,0.03125,1.6542991062555907,0.9707901826302523,0.9309395708880376,359.466524452302,10.0,0.833,0.002,1.5,1.5,10000.0,0.015
run0_params,15,4,delay_frontier,same_grid,default,0|15|35|75|125|175|225,optimal,36,5,2200,0.03125,1.8795530128410758,0.9948276107102307,0.9062905441044807,363.1460464662724,10.0,0.833,0.002,1.5,1.5,10000.0,0.015
run0_params,15,4,delay_frontier,same_grid,default,0|15|35|75|125|175|225,optimal,37,5,2200,0.03125,1.4986833683270515,0.9706689512713926,0.9684267010031503,353.4366466793127,10.0,0.833,0.002,1.5,1.5,10000.0,0.015
run0_params,15,4,delay_frontier,same_grid,default,0|15|35|75|125|175|225,optimal,38,5,2200,0.03125,0.9743040541832046,0.8065727328555174,0.964043687964385,354.2620437768114,10.0,0.833,0.002,1.5,1.5,10000.0,0.015
run0_params,15,4,delay_frontier,same_grid,default,0|15|35|75|125|175|225,optimal,39,5,2200,0.03125,1.2384240954016215,0.8622975247880996,0.9309395708880376,359.466524452302,10.0,0.833,0.002,1.5,1.5,10000.0,0.015
run0_params,15,4,delay_frontier,same_grid,default,0|15|35|75|125|175|225,optimal,40,5,2200,0.03125,1.6057186096556983,0.934978885345947,0.9062905441044807,363.1460464662724,10.0,0.833,0.002,1.5,1.5,10000.0,0.015
run0_params,15,4,delay_frontier,same_grid,default,0|15|35|75|125|175|225,optimal,41,5,2200,0.03125,0.7677502777508689,0.7184374508660669,0.959796400863403,355.29423997008456,10.0,0.833,0.002,1.5,1.5,10000.0,0.015
run0_params,15,4,delay_frontier,same_grid,default,0|15|35|75|125|175|225,optimal,42,5,2200,0.03125,1.5251507358896899,0.9373732896609139,0.9283159847716784,360.10411296346234,10.0,0.833,0.002,1.5,1.5,10000.0,0.015
run0_params,15,4,delay_frontier,same_grid,default,0|15|35|75|125|175|225,optimal,43,5,2200,0.03125,1.0197730675630714,0.7656454587021231,0.9030580981614371,363.9315958704846,10.0,0.833,0.002,1.5,1.5,10000.0,0.015
run0_params,15,4,delay_frontier,same_grid,default,0|15|35|75|125|175|225,optimal,44,5,2200,0.03125,1.1337637804801728,0.8030915722380092,0.9026462839799644,364.66993866885326,10.0,0.833,0.002,1.5,1.5,10000.0,0.015
run0_params,15,4,delay_frontier,same_grid,default,0|15|35|75|125|175|225,optimal,45,5,2200,0.03125,1.507107254213425,0.8810569229608967,0.875481504028965,368.7537147862112,10.0,0.833,0.002,1.5,1.5,10000.0,0.015
run0_params,15,4,delay_frontier,same_grid,default,0|15|35|75|125|175|225,optimal,46,5,2200,0.03125,2.6397258643580397,0.9906595755152503,0.7726218825053266,385.42678163035805,10.0,0.833,0.002,1.5,1.5,10000.0,0.015
run0_params,15,4,delay_frontier,same_grid,default,0|15|35|75|125|175|225,optimal,47,5,2200,0.03125,0.8685215887715557,0.7615622572241524,0.959796400863403,355.29423997008456,10.0,0.833,0.002,1.5,1.5,10000.0,0.015
run0_params,15,4,delay_frontier,same_grid,default,0|15|35|75|125|175|225,optimal,48,5,2200,0.03125,0.40544382503082266,0.48802150286509577,0.9283159847716784,360.10411296346234,10.0,0.833,0.002,1.5,1.5,10000.0,0.015
run0_params,15,4,delay_frontier,same_grid,default,0|15|35|75|125|175|225,optimal,49,5,2200,0.03125,1.3221336512399366,0.8594284281446689,0.9030580981614371,363.9315958704846,10.0,0.833,0.002,1.5,1.5,10000.0,0.015
run0_params,15,4,delay_frontier,same_grid,default,0|15|35|75|125|175|225,optimal,50,5,2200,0.03125,1.5737140163758714,0.9238022480475797,0.9026462839799644,364.66993866885326,10.0,0.833,0.002,1.5,1.5,10000.0,0.015
run0_params,15,4,delay_frontier,same_grid,default,0|15|35|75|125|175|225,optimal,51,5,2200,0.03125,1.5008909482351074,0.8795254494090834,0.875481504028965,368.7537147862112,10.0,0.833,0.002,1.5,1.5,10000.0,0.015
run0_params,15,4,delay_frontier,same_grid,default,0|15|35|75|125|175|225,optimal,52,5,2200,0.03125,2.447030455431957,0.9617601542446861,0.7726218825053266,385.42678163035805,10.0,0.833,0.002,1.5,1.5,10000.0,0.015
run0_params,15,4,delay_frontier,same_grid,default,0|15|35|75|125|175|225,optimal,53,5,2200,0.03125,1.7051790053276363,0.9308326124696804,0.8791979269799062,370.36840757247967,10.0,0.833,0.002,1.5,1.5,10000.0,0.015
run0_params,15,4,delay_frontier,same_grid,default,0|15|35|75|125|175|225,optimal,54,5,2200,0.03125,1.9981966474556034,0.9627016611848493,0.8508707646724853,374.7346769455502,10.0,0.833,0.002,1.5,1.5,10000.0,0.015
run0_params,15,4,delay_frontier,same_grid,default,0|15|35|75|125|175|225,optimal,55,5,2200,0.03125,2.546569115411217,0.9604536796741047,0.756086200815844,389.4453313238577,10.0,0.833,0.002,1.5,1.5,10000.0,0.015
run0_params,15,4,delay_frontier,same_grid,default,0|15|35|75|125|175|225,optimal,56,5,2200,0.03125,2.332571389508991,0.8848784674886575,0.7127374301315028,397.42281290423335,10.0,0.833,0.002,1.5,1.5,10000.0,0.015
run0_params,15,4,delay_frontier,same_grid,default,0|15|35|75|125|175|225,optimal,57,5,2200,0.03125,0.11843721410086663,0.1872593185714878,0.8791979269799062,370.36840757247967,10.0,0.833,0.002,1.5,1.5,10000.0,0.015
run0_params,15,4,delay_frontier,same_grid,default,0|15|35|75|125|175|225,optimal,58,5,2200,0.03125,0.3410765069430392,0.3857963203578688,0.8508707646724853,374.7346769455502,10.0,0.833,0.002,1.5,1.5,10000.0,0.015
run0_params,15,4,delay_frontier,same_grid,default,0|15|35|75|125|175|225,optimal,59,5,2200,0.03125,0.963548280966869,0.6153766658227574,0.756086200815844,389.4453313238577,10.0,0.833,0.002,1.5,1.5,10000.0,0.015
run0_params,15,4,delay_frontier,same_grid,default,0|15|35|75|125|175|225,optimal,60,5,2200,0.03125,2.3446799876309616,0.8868005222569723,0.7127374301315028,397.42281290423335,10.0,0.833,0.002,1.5,1.5,10000.0,0.015
run0_params,15,4,delay_frontier,same_grid,default,0|15|35|75|125|175|225,optimal,61,5,2200,0.03125,2.1031342916103073,0.8248975022619649,0.6898821543504858,402.97716849762804,10.0,0.833,0.002,1.5,1.5,10000.0,0.015
run0_params,15,4,delay_frontier,same_grid,default,0|15|35|75|125|175|225,optimal,62,5,2200,0.03125,0.030389959334849715,0.035284788297493944,0.6898821543504858,402.97716849762804,10.0,0.833,0.002,1.5,1.5,10000.0,0.015
run0_params,15,4,delay_frontier,same_grid,default,0|15|35|75|125|175|225,delayed,0,0,2025,1.0,0.0,0.0,0.0,425.6,10.0,0.833,0.002,1.5,1.5,10000.0,0.015
run0_params,15,4,delay_frontier,same_grid,default,0|15|35|75|125|175|225,delayed,1,1,2040,0.5,225.91181905304862,0.998028859549005,0.0,481.5023082111194,10.0,0.833,0.002,1.5,1.5,10000.0,0.015
run0_params,15,4,delay_frontier,same_grid,default,0|15|35|75|125|175|225,delayed,2,1,2040,0.5,140.48331175793527,0.8205584786015732,0.0,481.5023082111194,10.0,0.833,0.002,1.5,1.5,10000.0,0.015
run0_params,15,4,delay_frontier,same_grid,default,0|15|35|75|125|175|225,delayed,3,2,2060,0.25,133.0305798614047,0.997639369528454,0.49343200800375564,465.3343192511206,10.0,0.833,0.002,1.5,1.5,10000.0,0.015
run0_params,15,4,delay_frontier,same_grid,default,0|15|35|75|125|175|225,delayed,4,2,2060,0.25,102.67928668532528,0.8996703175998992,0.49343200800375564,465.3343192511206,10.0,0.833,0.002,1.5,1.5,10000.0,0.015
run0_params,15,4,delay_frontier,same_grid,default,0|15|35|75|125|175|225,delayed,5,2,2060,0.25,129.46047410431535,0.9718225010820656,0.4056895322837253,477.5494244912501,10.0,0.833,0.002,1.5,1.5,10000.0,0.015
run0_params,15,4,delay_frontier,same_grid,default,0|15|35|75|125|175|225,delayed,6,2,2060,0.25,47.973673722836146,0.6183177601247201,0.4056895322837253,477.5494244912501,10.0,0.833,0.002,1.5,1.5,10000.0,0.015
run0_params,15,4,delay_frontier,same_grid,default,0|15|35|75|125|175|225,delayed,7,3,2100,0.125,42.46726413189488,0.9918371938810873,0.6983593218097279,434.6411673789694,10.0,0.833,0.002,1.5,1.5,10000.0,0.015
run0_params,15,4,delay_frontier,same_grid,default,0|15|35|75|125|175|225,delayed,8,3,2100,0.125,43.15226774395162,0.9979672432905115,0.6983593218097279,434.6411673789694,10.0,0.833,0.002,1.5,1.5,10000.0,0.015
run0_params,15,4,delay_frontier,same_grid,default,0|15|35|75|125|175|225,delayed,9,3,2100,0.125,42.664775045674574,0.9788144413425797,0.6624161906404159,441.7416008584138,10.0,0.833,0.002,1.5,1.5,10000.0,0.015
run0_params,15,4,delay_frontier,same_grid,default,0|15|35|75|125|175|225,delayed,10,3,2100,0.125,44.147846525614014,0.9784504820045643,0.629790260905122,446.06916326459503,10.0,0.833,0.002,1.5,1.5,10000.0,0.015
run0_params,15,4,delay_frontier,same_grid,default,0|15|35|75|125|175|225,delayed,11,3,2100,0.125,22.61979889029904,0.7457371456129012,0.6624161906404159,441.7416008584138,10.0,0.833,0.002,1.5,1.5,10000.0,0.015
run0_params,15,4,delay_frontier,same_grid,default,0|15|35|75|125|175|225,delayed,12,3,2100,0.125,20.173797681504496,0.6939789635905068,0.629790260905122,446.06916326459503,10.0,0.833,0.002,1.5,1.5,10000.0,0.015
run0_params,15,4,delay_frontier,same_grid,default,0|15|35|75|125|175|225,delayed,13,3,2100,0.125,25.244967931007295,0.723147395271271,0.500095354773315,471.6898754905494,10.0,0.833,0.002,1.5,1.5,10000.0,0.015
run0_params,15,4,delay_frontier,same_grid,default,0|15|35|75|125|175|225,delayed,14,3,2100,0.125,9.588171945948602,0.4229796987465534,0.500095354773315,471.6898754905494,10.0,0.833,0.002,1.5,1.5,10000.0,0.015
run0_params,15,4,delay_frontier,same_grid,default,0|15|35|75|125|175|225,delayed,15,4,2150,0.0625,10.588512340230935,0.9825283979802206,0.7385959279261753,407.65225135363397,10.0,0.833,0.002,1.5,1.5,10000.0,0.015
run0_params,15,4,delay_frontier,same_grid,default,0|15|35|75|125|175|225,delayed,16,4,2150,0.0625,10.238416107410941,0.9697094380176371,0.7385959279261753,407.65225135363397,10.0,0.833,0.002,1.5,1.5,10000.0,0.015
run0_params,15,4,delay_frontier,same_grid,default,0|15|35|75|125|175|225,delayed,17,4,2150,0.0625,10.768545616023594,0.9895302920445711,0.7393850216439724,407.47299136475146,10.0,0.833,0.002,1.5,1.5,10000.0,0.015
run0_params,15,4,delay_frontier,same_grid,default,0|15|35|75|125|175|225,delayed,18,4,2150,0.0625,10.856596266785722,0.9684623011294685,0.705093554549797,413.400363908759,10.0,0.833,0.002,1.5,1.5,10000.0,0.015
run0_params,15,4,delay_frontier,same_grid,default,0|15|35|75|125|175|225,delayed,19,4,2150,0.0625,12.317077833230162,0.9971892425524264,0.6774813437560838,417.41303175450037,10.0,0.833,0.002,1.5,1.5,10000.0,0.015
run0_params,15,4,delay_frontier,same_grid,default,0|15|35|75|125|175|225,delayed,20,4,2150,0.0625,9.921805659835158,0.9583260514320551,0.7393850216439724,407.47299136475146,10.0,0.833,0.002,1.5,1.5,10000.0,0.015
run0_params,15,4,delay_frontier,same_grid,default,0|15|35|75|125|175|225,delayed,21,4,2150,0.0625,10.7306858724648,0.9640263867799331,0.705093554549797,413.400363908759,10.0,0.833,0.002,1.5,1.5,10000.0,0.015
run0_params,15,4,delay_frontier,same_grid,default,0|15|35|75|125|175|225,delayed,22,4,2150,0.0625,10.809253110724718,0.9474562343824655,0.6774813437560838,417.41303175450037,10.0,0.833,0.002,1.5,1.5,10000.0,0.015
run0_params,15,4,delay_frontier,same_grid,default,0|15|35|75|125|175|225,delayed,23,4,2150,0.0625,12.25753578467701,0.9936415048445224,0.6750909182274197,420.2162034351385,10.0,0.833,0.002,1.5,1.5,10000.0,0.015
run0_params,15,4,delay_frontier,same_grid,default,0|15|35|75|125|175|225,delayed,24,4,2150,0.0625,12.137568433103922,0.9657776640260086,0.6408630577030514,425.7317836539617,10.0,0.833,0.002,1.5,1.5,10000.0,0.015
run0_params,15,4,delay_frontier,same_grid,default,0|15|35|75|125|175|225,delayed,25,4,2150,0.0625,14.474679272062522,0.9548712630343237,0.529778634376463,444.24577524119877,10.0,0.833,0.002,1.5,1.5,10000.0,0.015
run0_params,15,4,delay_frontier,same_grid,default,0|15|35|75|125|175|225,delayed,26,4,2150,0.0625,5.739049839608398,0.7159718654502966,0.6750909182274197,420.2162034351385,10.0,0.833,0.002,1.5,1.5,10000.0,0.015
run0_params,15,4,delay_frontier,same_grid,default,0|15|35|75|125|175|225,delayed,27,4,2150,0.0625,8.278658534340126,0.8234474213512408,0.6408630577030514,425.7317836539617,10.0,0.833,0.002,1.5,1.5,10000.0,0.015
run0_params,15,4,delay_frontier,same_grid,default,0|15|35|75|125|175|225,delayed,28,4,2150,0.0625,5.203083321585078,0.59413363489272,0.529778634376463,444.24577524119877,10.0,0.833,0.002,1.5,1.5,10000.0,0.015
run0_params,15,4,delay_frontier,same_grid,default,0|15|35|75|125|175|225,delayed,29,4,2150,0.0625,9.816874514045551,0.7854332695826027,0.4911398281771938,453.02352800534993,10.0,0.833,0.002,1.5,1.5,10000.0,0.015
run0_params,15,4,delay_frontier,same_grid,default,0|15|35|75|125|175|225,delayed,30,4,2150,0.0625,3.4657330415141776,0.4512811421774895,0.4911398281771938,453.02352800534993,10.0,0.833,0.002,1.5,1.5,10000.0,0.015
run0_params,15,4,delay_frontier,same_grid,default,0|15|35|75|125|175|225,delayed,31,5,2200,0.03125,2.7587337194313597,0.9920401039513174,0.757163857283831,386.1808848098262,10.0,0.833,0.002,1.5,1.5,10000.0,0.015
run0_params,15,4,delay_frontier,same_grid,default,0|15|35|75|125|175|225,delayed,32,5,2200,0.03125,2.802681760649906,0.9980951273227285,0.757163857283831,386.1808848098262,10.0,0.833,0.002,1.5,1.5,10000.0,0.015
run0_params,15,4,delay_frontier,same_grid,default,0|15|35|75|125|175|225,delayed,33,5,2200,0.03125,2.4386162033138894,0.9442127577155522,0.7562555030324509,386.4016478670596,10.0,0.833,0.002,1.5,1.5,10000.0,0.015
run0_params,15,4,delay_frontier,same_grid,default,0|15|35|75|125|175|225,delayed,34,5,2200,0.03125,2.741279239346548,0.9908701654399465,0.758420238264932,385.92212193571095,10.0,0.833,0.002,1.5,1.5,10000.0,0.015
run0_params,15,4,delay_frontier,same_grid,default,0|15|35|75|125|175|225,delayed,35,5,2200,0.03125,2.4801793804510885,0.9198962974067069,0.7251424817243791,391.4389402585099,10.0,0.833,0.002,1.5,1.5,10000.0,0.015
run0_params,15,4,delay_frontier,same_grid,default,0|15|35|75|125|175|225,delayed,36,5,2200,0.03125,3.098484555010009,0.9808923810588881,0.7016606232256283,394.7358497552857,10.0,0.833,0.002,1.5,1.5,10000.0,0.015
run0_params,15,4,delay_frontier,same_grid,default,0|15|35|75|125|175|225,delayed,37,5,2200,0.03125,2.795117186293635,0.9961472902187885,0.7562555030324509,386.4016478670596,10.0,0.833,0.002,1.5,1.5,10000.0,0.015
run0_params,15,4,delay_frontier,same_grid,default,0|15|35|75|125|175|225,delayed,38,5,2200,0.03125,2.1928122725232755,0.9064106745311752,0.758420238264932,385.92212193571095,10.0,0.833,0.002,1.5,1.5,10000.0,0.015
run0_params,15,4,delay_frontier,same_grid,default,0|15|35|75|125|175|225,delayed,39,5,2200,0.03125,2.828399530399323,0.9695549315085874,0.7251424817243791,391.4389402585099,10.0,0.833,0.002,1.5,1.5,10000.0,0.015
run0_params,15,4,delay_frontier,same_grid,default,0|15|35|75|125|175|225,delayed,40,5,2200,0.03125,3.089926994663332,0.9798367726402344,0.7016606232256283,394.7358497552857,10.0,0.833,0.002,1.5,1.5,10000.0,0.015
run0_params,15,4,delay_frontier,same_grid,default,0|15|35|75|125|175|225,delayed,41,5,2200,0.03125,2.518074733804773,0.956305953608791,0.7562089897909627,386.45950901239775,10.0,0.833,0.002,1.5,1.5,10000.0,0.015
run0_params,15,4,delay_frontier,same_grid,default,0|15|35|75|125|175|225,delayed,42,5,2200,0.03125,2.9823953189820505,0.9894713529843799,0.7248281060536126,391.5153338134722,10.0,0.833,0.002,1.5,1.5,10000.0,0.015
run0_params,15,4,delay_frontier,same_grid,default,0|15|35|75|125|175|225,delayed,43,5,2200,0.03125,2.498633997783883,0.8962415761028195,0.6981363104312521,395.59233192572464,10.0,0.833,0.002,1.5,1.5,10000.0,0.015
run0_params,15,4,delay_frontier,same_grid,default,0|15|35|75|125|175|225,delayed,44,5,2200,0.03125,3.02655437109201,0.9683124596913973,0.6980222707314617,396.2591695199464,10.0,0.833,0.002,1.5,1.5,10000.0,0.015
run0_params,15,4,delay_frontier,same_grid,default,0|15|35|75|125|175|225,delayed,45,5,2200,0.03125,3.5831635512790236,0.9989598520259136,0.6641567423611692,401.6891534566874,10.0,0.833,0.002,1.5,1.5,10000.0,0.015
run0_params,15,4,delay_frontier,same_grid,default,0|15|35|75|125|175|225,delayed,46,5,2200,0.03125,4.567853277942269,0.988587530484958,0.5608813433091144,418.2589816188592,10.0,0.833,0.002,1.5,1.5,10000.0,0.015
run0_params,15,4,delay_frontier,same_grid,default,0|15|35|75|125|175|225,delayed,47,5,2200,0.03125,1.2860413643030943,0.7121627797958041,0.7562089897909627,386.45950901239775,10.0,0.833,0.002,1.5,1.5,10000.0,0.015
run0_params,15,4,delay_frontier,same_grid,default,0|15|35|75|125|175|225,delayed,48,5,2200,0.03125,2.6013475995293995,0.9375333754318613,0.7248281060536126,391.5153338134722,10.0,0.833,0.002,1.5,1.5,10000.0,0.015
run0_params,15,4,delay_frontier,same_grid,default,0|15|35|75|125|175|225,delayed,49,5,2200,0.03125,3.1820254828805696,0.98753359748114,0.6981363104312521,395.59233192572464,10.0,0.833,0.002,1.5,1.5,10000.0,0.015
run0_params,15,4,delay_frontier,same_grid,default,0|15|35|75|125|175|225,delayed,50,5,2200,0.03125,3.0792332784236174,0.9748835925031129,0.6980222707314617,396.2591695199464,10.0,0.833,0.002,1.5,1.5,10000.0,0.015
run0_params,15,4,delay_frontier,same_grid,default,0|15|35|75|125|175|225,delayed,51,5,2200,0.03125,1.7808826783672593,0.7415599955576508,0.6641567423611692,401.6891534566874,10.0,0.833,0.002,1.5,1.5,10000.0,0.015
run0_params,15,4,delay_frontier,same_grid,default,0|15|35|75|125|175|225,delayed,52,5,2200,0.03125,2.8937382433202092,0.8183507227538082,0.5608813433091144,418.2589816188592,10.0,0.833,0.002,1.5,1.5,10000.0,0.015
run0_params,15,4,delay_frontier,same_grid,default,0|15|35|75|125|175|225,delayed,53,5,2200,0.03125,1.8245683104100086,0.7631434675827021,0.67834552441903,401.04108613293823,10.0,0.833,0.002,1.5,1.5,10000.0,0.015
run0_params,15,4,delay_frontier,same_grid,default,0|15|35|75|125|175|225,delayed,54,5,2200,0.03125,2.285433233320228,0.8210724071517889,0.6540706226309169,404.14030856634486,10.0,0.833,0.002,1.5,1.5,10000.0,0.015
run0_params,15,4,delay_frontier,same_grid,default,0|15|35|75|125|175|225,delayed,55,5,2200,0.03125,3.068621979240683,0.815434274087171,0.5353179050835659,424.4714622760651,10.0,0.833,0.002,1.5,1.5,10000.0,0.015
run0_params,15,4,delay_frontier,same_grid,default,0|15|35|75|125|175|225,delayed,56,5,2200,0.03125,4.260606633131638,0.9135712870268512,0.5116496944983379,427.94313339729416,10.0,0.833,0.002,1.5,1.5,10000.0,0.015
run0_params,15,4,delay_frontier,same_grid,default,0|15|35|75|125|175|225,delayed,57,5,2200,0.03125,1.482299362910412,0.6909921347783732,0.67834552441903,401.04108613293823,10.0,0.833,0.002,1.5,1.5,10000.0,0.015
run0_params,15,4,delay_frontier,same_grid,default,0|15|35|75|125|175|225,delayed,58,5,2200,0.03125,1.262506449643503,0.616436110072196,0.6540706226309169,404.14030856634486,10.0,0.833,0.002,1.5,1.5,10000.0,0.015
run0_params,15,4,delay_frontier,same_grid,default,0|15|35|75|125|175|225,delayed,59,5,2200,0.03125,1.9817316000315162,0.6628322553976542,0.5353179050835659,424.4714622760651,10.0,0.833,0.002,1.5,1.5,10000.0,0.015
run0_params,15,4,delay_frontier,same_grid,default,0|15|35|75|125|175|225,delayed,60,5,2200,0.03125,3.615763025661149,0.8527151883615195,0.5116496944983379,427.94313339729416,10.0,0.833,0.002,1.5,1.5,10000.0,0.015
run0_params,15,4,delay_frontier,same_grid,default,0|15|35|75|125|175|225,delayed,61,5,2200,0.03125,1.1354578374732394,0.45319797612878443,0.4879704164537203,433.6977689375078,10.0,0.833,0.002,1.5,1.5,10000.0,0.015
run0_params,15,4,delay_frontier,same_grid,default,0|15|35|75|125|175|225,delayed,62,5,2200,0.03125,0.08902281548883897,0.05926111881542416,0.4879704164537203,433.6977689375078,10.0,0.833,0.002,1.5,1.5,10000.0,0.015
run0_params,10,3,delay_frontier,same_grid,default,0|10|35|75|125|175|225,optimal,0,0,2025,1.0,220.66910106960577,0.9033267157021938,0.0,425.6,10.0,0.833,0.002,1.5,1.5,10000.0,0.015
run0_params,10,3,delay_frontier,same_grid,default,0|10|35|75|125|175|225,optimal,1,1,2035,0.5,216.4232224561058,0.9792035456748669,0.9033264861762774,425.05914579712703,10.0,0.833,0.002,1.5,1.5,10000.0,0.015
run0_params,10,3,delay_frontier,same_grid,default,0|10|35|75|125|175|225,optimal,2,1,2035,0.5,121.50271184666578,0.7662738216099035,0.9033264861762774,425.05914579712703,10.0,0.833,0.002,1.5,1.5,10000.0,0.015
run0_params,10,3,delay_frontier,same_grid,default,0|10|35|75|125|175|225,optimal,3,2,2060,0.25,106.79935097811921,0.994645087098791,0.9519638125534924,413.44417360878145,10.0,0.833,0.002,1.5,1.5,10000.0,0.015
run0_params,10,3,delay_frontier,same_grid,default,0|10|35|75|125|175|225,optimal,4,2,2060,0.25,84.32438654787794,0.9052218381815569,0.9519638125534924,413.44417360878145,10.0,0.833,0.002,1.5,1.5,10000.0,0.015
run0_params,10,3,delay_frontier,same_grid,default,0|10|35|75|125|175|225,optimal,5,2,2060,0.25,103.74382198448218,0.9594730465656913,0.815475604744675,431.7399646058496,10.0,0.833,0.002,1.5,1.5,10000.0,0.015
run0_params,10,3,delay_frontier,same_grid,default,0|10|35|75|125|175|225,optimal,6,2,2060,0.25,38.875320470779016,0.6114015881918016,0.815475604744675,431.7399646058496,10.0,0.833,0.002,1.5,1.5,10000.0,0.015
run0_params,10,3,delay_frontier,same_grid,default,0|10|35|75|125|175|225,optimal,7,3,2100,0.125,32.31576847277786,0.9990046440149876,0.9686994243518148,393.56638828983455,10.0,0.833,0.002,1.5,1.5,10000.0,0.015
run0_params,10,3,delay_frontier,same_grid,default,0|10|35|75|125|175|225,optimal,8,3,2100,0.125,31.7357789079951,0.9920655078512249,0.9686994243518148,393.56638828983455,10.0,0.833,0.002,1.5,1.5,10000.0,0.015
run0_params,10,3,delay_frontier,same_grid,default,0|10|35|75|125|175|225,optimal,9,3,2100,0.125,32.046768696832885,0.9822255347658889,0.9358915914342609,400.04745379484825,10.0,0.833,0.002,1.5,1.5,10000.0,0.015
run0_params,10,3,delay_frontier,same_grid,default,0|10|35|75|125|175|225,optimal,10,3,2100,0.125,36.07532339138001,0.9987808934424545,0.8663613503640119,410.3993785581818,10.0,0.833,0.002,1.5,1.5,10000.0,0.015
run0_params,10,3,delay_frontier,same_grid,default,0|10|35|75|125|175|225,optimal,11,3,2100,0.125,15.456185286346507,0.7159056754050537,0.9358915914342609,400.04745379484825,10.0,0.833,0.002,1.5,1.5,10000.0,0.015
run0_params,10,3,delay_frontier,same_grid,default,0|10|35|75|125|175|225,optimal,12,3,2100,0.125,16.29980839513234,0.7083203745495559,0.8663613503640119,410.3993785581818,10.0,0.833,0.002,1.5,1.5,10000.0,0.015
run0_params,10,3,delay_frontier,same_grid,default,0|10|35|75|125|175|225,optimal,13,3,2100,0.125,21.29472303333359,0.7533917017614384,0.7386597843103833,435.6263065941854,10.0,0.833,0.002,1.5,1.5,10000.0,0.015
run0_params,10,3,delay_frontier,same_grid,default,0|10|35|75|125|175|225,optimal,14,3,2100,0.125,5.2187453294790265,0.33518576676792944,0.7386597843103833,435.6263065941854,10.0,0.833,0.002,1.5,1.5,10000.0,0.015
run0_params,10,3,delay_frontier,same_grid,default,0|10|35|75|125|175|225,optimal,15,4,2150,0.0625,7.18283691159359,0.9999768862088761,0.9728136068676088,371.5657112925898,10.0,0.833,0.002,1.5,1.5,10000.0,0.015
run0_params,10,3,delay_frontier,same_grid,default,0|10|35|75|125|175|225,optimal,16,4,2150,0.0625,6.576835875920758,0.966312222149194,0.9728136068676088,371.5657112925898,10.0,0.833,0.002,1.5,1.5,10000.0,0.015
run0_params,10,3,delay_frontier,same_grid,default,0|10|35|75|125|175|225,optimal,17,4,2150,0.0625,7.101029584225539,0.9949507625752833,0.971920363461082,371.76863126573465,10.0,0.833,0.002,1.5,1.5,10000.0,0.015
run0_params,10,3,delay_frontier,same_grid,default,0|10|35|75|125|175|225,optimal,18,4,2150,0.0625,7.201183720434891,0.9788114883517539,0.941603821433512,376.9554837636424,10.0,0.833,0.002,1.5,1.5,10000.0,0.015
run0_params,10,3,delay_frontier,same_grid,default,0|10|35|75|125|175|225,optimal,19,4,2150,0.0625,8.276787179400852,0.9913374477304777,0.8841719443611031,385.4688915182434,10.0,0.833,0.002,1.5,1.5,10000.0,0.015
run0_params,10,3,delay_frontier,same_grid,default,0|10|35|75|125|175|225,optimal,20,4,2150,0.0625,5.648765119842077,0.9083148691723131,0.971920363461082,371.76863126573465,10.0,0.833,0.002,1.5,1.5,10000.0,0.015
run0_params,10,3,delay_frontier,same_grid,default,0|10|35|75|125|175|225,optimal,21,4,2150,0.0625,7.554297667954594,0.9971185087837354,0.941603821433512,376.9554837636424,10.0,0.833,0.002,1.5,1.5,10000.0,0.015
run0_params,10,3,delay_frontier,same_grid,default,0|10|35|75|125|175|225,optimal,22,4,2150,0.0625,7.957457902551557,0.9763067780979438,0.8841719443611031,385.4688915182434,10.0,0.833,0.002,1.5,1.5,10000.0,0.015
run0_params,10,3,delay_frontier,same_grid,default,0|10|35|75|125|175|225,optimal,23,4,2150,0.0625,8.026378542400982,0.9959976502521352,0.9073220652660248,384.7434299286139,10.0,0.833,0.002,1.5,1.5,10000.0,0.015
run0_params,10,3,delay_frontier,same_grid,default,0|10|35|75|125|175|225,optimal,24,4,2150,0.0625,8.46697950519025,0.9735725201486813,0.8467826916534249,393.9627787256319,10.0,0.833,0.002,1.5,1.5,10000.0,0.015
run0_params,10,3,delay_frontier,same_grid,default,0|10|35|75|125|175|225,optimal,25,4,2150,0.0625,10.500185914525076,0.9799757640671246,0.739510535371416,411.7140590402918,10.0,0.833,0.002,1.5,1.5,10000.0,0.015
run0_params,10,3,delay_frontier,same_grid,default,0|10|35|75|125|175|225,optimal,26,4,2150,0.0625,2.1525493755364833,0.5364231007668707,0.9073220652660248,384.7434299286139,10.0,0.833,0.002,1.5,1.5,10000.0,0.015
run0_params,10,3,delay_frontier,same_grid,default,0|10|35|75|125|175|225,optimal,27,4,2150,0.0625,4.115066649605307,0.710725986078196,0.8467826916534249,393.9627787256319,10.0,0.833,0.002,1.5,1.5,10000.0,0.015
run0_params,10,3,delay_frontier,same_grid,default,0|10|35|75|125|175|225,optimal,28,4,2150,0.0625,5.386890927482331,0.7353012566845726,0.739510535371416,411.7140590402918,10.0,0.833,0.002,1.5,1.5,10000.0,0.015
run0_params,10,3,delay_frontier,same_grid,default,0|10|35|75|125|175|225,optimal,29,4,2150,0.0625,7.722432767751347,0.8282345689273927,0.6856773658808377,423.9435837531025,10.0,0.833,0.002,1.5,1.5,10000.0,0.015
run0_params,10,3,delay_frontier,same_grid,default,0|10|35|75|125|175|225,optimal,30,4,2150,0.0625,1.0833975926775283,0.2608439859920102,0.6856773658808377,423.9435837531025,10.0,0.833,0.002,1.5,1.5,10000.0,0.015
run0_params,10,3,delay_frontier,same_grid,default,0|10|35|75|125|175|225,optimal,31,5,2200,0.03125,1.4837443206308234,0.9733028509767502,0.9748711031333407,352.4448656988399,10.0,0.833,0.002,1.5,1.5,10000.0,0.015
run0_params,10,3,delay_frontier,same_grid,default,0|10|35|75|125|175|225,optimal,32,5,2200,0.03125,1.552813209184091,0.9906762936268818,0.9748711031333407,352.4448656988399,10.0,0.833,0.002,1.5,1.5,10000.0,0.015
run0_params,10,3,delay_frontier,same_grid,default,0|10|35|75|125|175|225,optimal,33,5,2200,0.03125,1.3826933017042957,0.9441571650979249,0.9724854673938558,353.02462521840874,10.0,0.833,0.002,1.5,1.5,10000.0,0.015
run0_params,10,3,delay_frontier,same_grid,default,0|10|35|75|125|175|225,optimal,34,5,2200,0.03125,1.4883090702724353,0.9732549967611779,0.973654355621675,352.68784047062695,10.0,0.833,0.002,1.5,1.5,10000.0,0.015
run0_params,10,3,delay_frontier,same_grid,default,0|10|35|75|125|175|225,optimal,35,5,2200,0.03125,1.674970845182309,0.9890671079367996,0.944446133810693,357.49793418384127,10.0,0.833,0.002,1.5,1.5,10000.0,0.015
run0_params,10,3,delay_frontier,same_grid,default,0|10|35|75|125|175|225,optimal,36,5,2200,0.03125,1.9732378732984721,0.9994430820124439,0.892346293075023,365.2448334338501,10.0,0.833,0.002,1.5,1.5,10000.0,0.015
run0_params,10,3,delay_frontier,same_grid,default,0|10|35|75|125|175|225,optimal,37,5,2200,0.03125,1.5105365911749424,0.9777351227252412,0.9724854673938558,353.02462521840874,10.0,0.833,0.002,1.5,1.5,10000.0,0.015
run0_params,10,3,delay_frontier,same_grid,default,0|10|35|75|125|175|225,optimal,38,5,2200,0.03125,1.345526187260275,0.9350316512305559,0.973654355621675,352.68784047062695,10.0,0.833,0.002,1.5,1.5,10000.0,0.015
run0_params,10,3,delay_frontier,same_grid,default,0|10|35|75|125|175|225,optimal,39,5,2200,0.03125,1.6226983291581476,0.9769575267966374,0.944446133810693,357.49793418384127,10.0,0.833,0.002,1.5,1.5,10000.0,0.015
run0_params,10,3,delay_frontier,same_grid,default,0|10|35|75|125|175|225,optimal,40,5,2200,0.03125,1.7511512628498063,0.9539159618401486,0.892346293075023,365.2448334338501,10.0,0.833,0.002,1.5,1.5,10000.0,0.015
run0_params,10,3,delay_frontier,same_grid,default,0|10|35|75|125|175|225,optimal,41,5,2200,0.03125,1.4408533426529286,0.9548092080598071,0.9675149816458749,354.17984952325816,10.0,0.833,0.002,1.5,1.5,10000.0,0.015
run0_params,10,3,delay_frontier,same_grid,default,0|10|35|75|125|175|225,optimal,42,5,2200,0.03125,1.3512502440261862,0.9090910200016485,0.9457434195234566,357.18265792596674,10.0,0.833,0.002,1.5,1.5,10000.0,0.015
run0_params,10,3,delay_frontier,same_grid,default,0|10|35|75|125|175|225,optimal,43,5,2200,0.03125,1.6899913635386878,0.9394131377749914,0.8912811248889149,365.5036856769794,10.0,0.833,0.002,1.5,1.5,10000.0,0.015
run0_params,10,3,delay_frontier,same_grid,default,0|10|35|75|125|175|225,optimal,44,5,2200,0.03125,1.7740047037366915,0.9791012184912616,0.9126371338233099,363.2051456823578,10.0,0.833,0.002,1.5,1.5,10000.0,0.015
run0_params,10,3,delay_frontier,same_grid,default,0|10|35|75|125|175|225,optimal,45,5,2200,0.03125,1.8330714503248815,0.934228418848847,0.8550666778234634,372.0981195062465,10.0,0.833,0.002,1.5,1.5,10000.0,0.015
run0_params,10,3,delay_frontier,same_grid,default,0|10|35|75|125|175|225,optimal,46,5,2200,0.03125,2.7895750300688213,0.9957536504172,0.7566211030929595,387.7494835232299,10.0,0.833,0.002,1.5,1.5,10000.0,0.015
run0_params,10,3,delay_frontier,same_grid,default,0|10|35|75|125|175|225,optimal,47,5,2200,0.03125,0.6437642355279499,0.665328992398229,0.9675149816458749,354.17984952325816,10.0,0.833,0.002,1.5,1.5,10000.0,0.015
run0_params,10,3,delay_frontier,same_grid,default,0|10|35|75|125|175|225,optimal,48,5,2200,0.03125,0.8789826042878364,0.7527658195052037,0.9457434195234566,357.18265792596674,10.0,0.833,0.002,1.5,1.5,10000.0,0.015
run0_params,10,3,delay_frontier,same_grid,default,0|10|35|75|125|175|225,optimal,49,5,2200,0.03125,1.3431371871412685,0.853861103048462,0.8912811248889149,365.5036856769794,10.0,0.833,0.002,1.5,1.5,10000.0,0.015
run0_params,10,3,delay_frontier,same_grid,default,0|10|35|75|125|175|225,optimal,50,5,2200,0.03125,0.3324591211496717,0.42129492677295677,0.9126371338233099,363.2051456823578,10.0,0.833,0.002,1.5,1.5,10000.0,0.015
run0_params,10,3,delay_frontier,same_grid,default,0|10|35|75|125|175|225,optimal,51,5,2200,0.03125,1.5865904893323828,0.8802561133951072,0.8550666778234634,372.0981195062465,10.0,0.833,0.002,1.5,1.5,10000.0,0.015
run0_params,10,3,delay_frontier,same_grid,default,0|10|35|75|125|175|225,optimal,52,5,2200,0.03125,1.6417701678193362,0.7985463362854468,0.7566211030929595,387.7494835232299,10.0,0.833,0.002,1.5,1.5,10000.0,0.015
run0_params,10,3,delay_frontier,same_grid,default,0|10|35|75|125|175|225,optimal,53,5,2200,0.03125,1.0483110893936045,0.7540878037390615,0.8800697137472221,371.1197566446542,10.0,0.833,0.002,1.5,1.5,10000.0,0.015
run0_params,10,3,delay_frontier,same_grid,default,0|10|35|75|125|175|225,optimal,54,5,2200,0.03125,1.8016412228681802,0.9093930677996555,0.8364402932311998,376.62475844683325,10.0,0.833,0.002,1.5,1.5,10000.0,0.015
run0_params,10,3,delay_frontier,same_grid,default,0|10|35|75|125|175|225,optimal,55,5,2200,0.03125,2.3117579714056222,0.907422630003901,0.7392825071368213,391.96317101545833,10.0,0.833,0.002,1.5,1.5,10000.0,0.015
run0_params,10,3,delay_frontier,same_grid,default,0|10|35|75|125|175|225,optimal,56,5,2200,0.03125,3.3216980185289926,0.9998460928974974,0.694005455994253,399.7895982997435,10.0,0.833,0.002,1.5,1.5,10000.0,0.015
run0_params,10,3,delay_frontier,same_grid,default,0|10|35|75|125|175|225,optimal,57,5,2200,0.03125,0.07355163109830079,0.12587728959421612,0.8800697137472221,371.1197566446542,10.0,0.833,0.002,1.5,1.5,10000.0,0.015
run0_params,10,3,delay_frontier,same_grid,default,0|10|35|75|125|175|225,optimal,58,5,2200,0.03125,0.8543098919833538,0.6449637928336474,0.8364402932311998,376.62475844683325,10.0,0.833,0.002,1.5,1.5,10000.0,0.015
run0_params,10,3,delay_frontier,same_grid,default,0|10|35|75|125|175|225,optimal,59,5,2200,0.03125,0.6867193206920761,0.497126746624192,0.7392825071368213,391.96317101545833,10.0,0.833,0.002,1.5,1.5,10000.0,0.015
run0_params,10,3,delay_frontier,same_grid,default,0|10|35|75|125|175|225,optimal,60,5,2200,0.03125,2.3534383456189345,0.870029846639798,0.694005455994253,399.7895982997435,10.0,0.833,0.002,1.5,1.5,10000.0,0.015
run0_params,10,3,delay_frontier,same_grid,default,0|10|35|75|125|175|225,optimal,61,5,2200,0.03125,0.7660168890848035,0.46425704217400776,0.6537978247129919,409.56097433224437,10.0,0.833,0.002,1.5,1.5,10000.0,0.015
run0_params,10,3,delay_frontier,same_grid,default,0|10|35|75|125|175|225,optimal,62,5,2200,0.03125,0.1743599438905041,0.15841004302226303,0.6537978247129919,409.56097433224437,10.0,0.833,0.002,1.5,1.5,10000.0,0.015
run0_params,10,3,delay_frontier,same_grid,default,0|10|35|75|125|175|225,delayed,0,0,2025,1.0,0.0,0.0,0.0,425.6,10.0,0.833,0.002,1.5,1.5,10000.0,0.015
run0_params,10,3,delay_frontier,same_grid,default,0|10|35|75|125|175|225,delayed,1,1,2035,0.5,244.2850989565799,0.9990346389285231,0.0,465.5475328261715,10.0,0.833,0.002,1.5,1.5,10000.0,0.015
run0_params,10,3,delay_frontier,same_grid,default,0|10|35|75|125|175|225,delayed,2,1,2035,0.5,141.2809227556674,0.7953467598552677,0.0,465.5475328261715,10.0,0.833,0.002,1.5,1.5,10000.0,0.015
run0_params,10,3,delay_frontier,same_grid,default,0|10|35|75|125|175|225,delayed,3,2,2060,0.25,124.73945098822968,0.9989305751550569,0.6403827105545514,448.18649138147606,10.0,0.833,0.002,1.5,1.5,10000.0,0.015
run0_params,10,3,delay_frontier,same_grid,default,0|10|35|75|125|175|225,delayed,4,2,2060,0.25,99.46342601496107,0.9130855688396009,0.6403827105545514,448.18649138147606,10.0,0.833,0.002,1.5,1.5,10000.0,0.015
run0_params,10,3,delay_frontier,same_grid,default,0|10|35|75|125|175|225,delayed,5,2,2060,0.25,121.924820713435,0.9672304307745344,0.5098184846330808,465.6881861973973,10.0,0.833,0.002,1.5,1.5,10000.0,0.015
run0_params,10,3,delay_frontier,same_grid,default,0|10|35|75|125|175|225,delayed,6,2,2060,0.25,45.03009488202586,0.6133141840653287,0.5098184846330808,465.6881861973973,10.0,0.833,0.002,1.5,1.5,10000.0,0.015
run0_params,10,3,delay_frontier,same_grid,default,0|10|35|75|125|175|225,delayed,7,3,2100,0.125,39.33370056073578,0.9987145380310896,0.786102197063391,421.27432021531405,10.0,0.833,0.002,1.5,1.5,10000.0,0.015
run0_params,10,3,delay_frontier,same_grid,default,0|10|35|75|125|175|225,delayed,8,3,2100,0.125,39.23960873126217,0.9977962614494901,0.786102197063391,421.27432021531405,10.0,0.833,0.002,1.5,1.5,10000.0,0.015
run0_params,10,3,delay_frontier,same_grid,default,0|10|35|75|125|175|225,delayed,9,3,2100,0.125,37.936852104264375,0.9719134399332912,0.7546071612874983,427.49604773322017,10.0,0.833,0.002,1.5,1.5,10000.0,0.015
run0_params,10,3,delay_frontier,same_grid,default,0|10|35|75|125|175|225,delayed,10,3,2100,0.125,43.22129982944858,0.9946823769822972,0.6889196718247558,437.2357152738257,10.0,0.833,0.002,1.5,1.5,10000.0,0.015
run0_params,10,3,delay_frontier,same_grid,default,0|10|35|75|125|175|225,delayed,11,3,2100,0.125,20.428965825381862,0.7448517016374192,0.7546071612874983,427.49604773322017,10.0,0.833,0.002,1.5,1.5,10000.0,0.015
run0_params,10,3,delay_frontier,same_grid,default,0|10|35|75|125|175|225,delayed,12,3,2100,0.125,26.821128811735825,0.8166393617081733,0.6889196718247558,437.2357152738257,10.0,0.833,0.002,1.5,1.5,10000.0,0.015
run0_params,10,3,delay_frontier,same_grid,default,0|10|35|75|125|175|225,delayed,13,3,2100,0.125,24.31507712550461,0.7321316139578431,0.5590738048045784,462.8862518714648,10.0,0.833,0.002,1.5,1.5,10000.0,0.015
run0_params,10,3,delay_frontier,same_grid,default,0|10|35|75|125|175|225,delayed,14,3,2100,0.125,9.510166436245905,0.43789947932284634,0.5590738048045784,462.8862518714648,10.0,0.833,0.002,1.5,1.5,10000.0,0.015
run0_params,10,3,delay_frontier,same_grid,default,0|10|35|75|125|175|225,delayed,15,4,2150,0.0625,9.532461608480247,0.996542915130268,0.8152191857147141,395.9558583592942,10.0,0.833,0.002,1.5,1.5,10000.0,0.015
run0_params,10,3,delay_frontier,same_grid,default,0|10|35|75|125|175|225,delayed,16,4,2150,0.0625,9.144678394883826,0.9806579832451292,0.8152191857147141,395.9558583592942,10.0,0.833,0.002,1.5,1.5,10000.0,0.015
run0_params,10,3,delay_frontier,same_grid,default,0|10|35|75|125|175|225,delayed,17,4,2150,0.0625,9.598850149933558,0.9991197751532421,0.8151009551822865,395.98271136504945,10.0,0.833,0.002,1.5,1.5,10000.0,0.015
run0_params,10,3,delay_frontier,same_grid,default,0|10|35|75|125|175|225,delayed,18,4,2150,0.0625,9.575240440352799,0.9760940296396845,0.7838817825190578,401.44266588177766,10.0,0.833,0.002,1.5,1.5,10000.0,0.015
run0_params,10,3,delay_frontier,same_grid,default,0|10|35|75|125|175|225,delayed,19,4,2150,0.0625,10.990604127208766,0.9911036233773449,0.7305653152526754,409.26067328255,10.0,0.833,0.002,1.5,1.5,10000.0,0.015
run0_params,10,3,delay_frontier,same_grid,default,0|10|35|75|125|175|225,delayed,20,4,2150,0.0625,8.178024347287112,0.9381724059790386,0.8151009551822865,395.98271136504945,10.0,0.833,0.002,1.5,1.5,10000.0,0.015
run0_params,10,3,delay_frontier,same_grid,default,0|10|35|75|125|175|225,delayed,21,4,2150,0.0625,9.538702869480922,0.9746367058459868,0.7838817825190578,401.44266588177766,10.0,0.833,0.002,1.5,1.5,10000.0,0.015
run0_params,10,3,delay_frontier,same_grid,default,0|10|35|75|125|175|225,delayed,22,4,2150,0.0625,9.6055237923183,0.9398958051658213,0.7305653152526754,409.26067328255,10.0,0.833,0.002,1.5,1.5,10000.0,0.015
run0_params,10,3,delay_frontier,same_grid,default,0|10|35|75|125|175|225,delayed,23,4,2150,0.0625,10.124069333912166,0.9767382960892511,0.7546534307512782,408.08259351091345,10.0,0.833,0.002,1.5,1.5,10000.0,0.015
run0_params,10,3,delay_frontier,same_grid,default,0|10|35|75|125|175|225,delayed,24,4,2150,0.0625,11.622603869917496,0.996299096134015,0.707646880873654,414.46715470147046,10.0,0.833,0.002,1.5,1.5,10000.0,0.015
run0_params,10,3,delay_frontier,same_grid,default,0|10|35|75|125|175|225,delayed,25,4,2150,0.0625,14.266647549111733,0.9858548757229275,0.5817960224251453,436.32790377059126,10.0,0.833,0.002,1.5,1.5,10000.0,0.015
run0_params,10,3,delay_frontier,same_grid,default,0|10|35|75|125|175|225,delayed,26,4,2150,0.0625,4.1133708035050045,0.6528512396532413,0.7546534307512782,408.08259351091345,10.0,0.833,0.002,1.5,1.5,10000.0,0.015
run0_params,10,3,delay_frontier,same_grid,default,0|10|35|75|125|175|225,delayed,27,4,2150,0.0625,7.56081099755009,0.8353078398312859,0.707646880873654,414.46715470147046,10.0,0.833,0.002,1.5,1.5,10000.0,0.015
run0_params,10,3,delay_frontier,same_grid,default,0|10|35|75|125|175|225,delayed,28,4,2150,0.0625,6.414513082251614,0.6950674111921404,0.5817960224251453,436.32790377059126,10.0,0.833,0.002,1.5,1.5,10000.0,0.015
run0_params,10,3,delay_frontier,same_grid,default,0|10|35|75|125|175|225,delayed,29,4,2150,0.0625,6.158099996306577,0.6577136227939082,0.5439213043074511,444.9320838022793,10.0,0.833,0.002,1.5,1.5,10000.0,0.015
run0_params,10,3,delay_frontier,same_grid,default,0|10|35|75|125|175|225,delayed,30,4,2150,0.0625,3.004786311467124,0.4387503013870916,0.5439213043074511,444.9320838022793,10.0,0.833,0.002,1.5,1.5,10000.0,0.015
run0_params,10,3,delay_frontier,same_grid,default,0|10|35|75|125|175|225,delayed,31,5,2200,0.03125,2.3039837427555323,0.9951445376188843,0.8289973520116313,375.1775865546845,10.0,0.833,0.002,1.5,1.5,10000.0,0.015
run0_params,10,3,delay_frontier,same_grid,default,0|10|35|75|125|175|225,delayed,32,5,2200,0.03125,2.3156762403716753,0.9970843704531077,0.8289973520116313,375.1775865546845,10.0,0.833,0.002,1.5,1.5,10000.0,0.015
run0_params,10,3,delay_frontier,same_grid,default,0|10|35|75|125|175|225,delayed,33,5,2200,0.03125,2.2361692649131997,0.9825878902947396,0.8278716866995359,375.45115056270623,10.0,0.833,0.002,1.5,1.5,10000.0,0.015
run0_params,10,3,delay_frontier,same_grid,default,0|10|35|75|125|175|225,delayed,34,5,2200,0.03125,2.328508169134565,0.9992721659921695,0.8290660749520296,375.15390800132496,10.0,0.833,0.002,1.5,1.5,10000.0,0.015
run0_params,10,3,delay_frontier,same_grid,default,0|10|35|75|125|175|225,delayed,35,5,2200,0.03125,2.2800909937066907,0.9606308735384155,0.7984545292025116,380.2717465818091,10.0,0.833,0.002,1.5,1.5,10000.0,0.015
run0_params,10,3,delay_frontier,same_grid,default,0|10|35|75|125|175|225,delayed,36,5,2200,0.03125,2.777894252208747,0.9878757190393189,0.7503650721127836,387.36563852589217,10.0,0.833,0.002,1.5,1.5,10000.0,0.015
run0_params,10,3,delay_frontier,same_grid,default,0|10|35|75|125|175|225,delayed,37,5,2200,0.03125,2.1295381674480174,0.963973920805772,0.8278716866995359,375.45115056270623,10.0,0.833,0.002,1.5,1.5,10000.0,0.015
run0_params,10,3,delay_frontier,same_grid,default,0|10|35|75|125|175|225,delayed,38,5,2200,0.03125,2.1816316354025127,0.9743630192449979,0.8290660749520296,375.15390800132496,10.0,0.833,0.002,1.5,1.5,10000.0,0.015
run0_params,10,3,delay_frontier,same_grid,default,0|10|35|75|125|175|225,delayed,39,5,2200,0.03125,2.120521023982665,0.9331887061010495,0.7984545292025116,380.2717465818091,10.0,0.833,0.002,1.5,1.5,10000.0,0.015
run0_params,10,3,delay_frontier,same_grid,default,0|10|35|75|125|175|225,delayed,40,5,2200,0.03125,2.4983122689619837,0.9475245697773649,0.7503650721127836,387.36563852589217,10.0,0.833,0.002,1.5,1.5,10000.0,0.015
run0_params,10,3,delay_frontier,same_grid,default,0|10|35|75|125|175|225,delayed,41,5,2200,0.03125,1.5343508828811556,0.8386950247136736,0.8247470737054089,376.20351945405463,10.0,0.833,0.002,1.5,1.5,10000.0,0.015
run0_params,10,3,delay_frontier,same_grid,default,0|10|35|75|125|175|225,delayed,42,5,2200,0.03125,2.3746662885789958,0.9759907794624398,0.7983511830614556,380.29684403582297,10.0,0.833,0.002,1.5,1.5,10000.0,0.015
run0_params,10,3,delay_frontier,same_grid,default,0|10|35|75|125|175|225,delayed,43,5,2200,0.03125,2.7417304978061376,0.9792400568433571,0.7467362166952554,388.24751929250795,10.0,0.833,0.002,1.5,1.5,10000.0,0.015
run0_params,10,3,delay_frontier,same_grid,default,0|10|35|75|125|175|225,delayed,44,5,2200,0.03125,2.2681587675419697,0.930796133473162,0.7703416867505659,385.37890861611413,10.0,0.833,0.002,1.5,1.5,10000.0,0.015
run0_params,10,3,delay_frontier,same_grid,default,0|10|35|75|125|175|225,delayed,45,5,2200,0.03125,2.3361764714590945,0.9009547480598368,0.7286537079958284,391.289477727682,10.0,0.833,0.002,1.5,1.5,10000.0,0.015
run0_params,10,3,delay_frontier,same_grid,default,0|10|35|75|125|175|225,delayed,46,5,2200,0.03125,3.3830927652204226,0.9245616898459859,0.611190274687223,410.43358563252417,10.0,0.833,0.002,1.5,1.5,10000.0,0.015
run0_params,10,3,delay_frontier,same_grid,default,0|10|35|75|125|175|225,delayed,47,5,2200,0.03125,1.7909362159731692,0.8957252752655585,0.8247470737054089,376.20351945405463,10.0,0.833,0.002,1.5,1.5,10000.0,0.015
run0_params,10,3,delay_frontier,same_grid,default,0|10|35|75|125|175|225,delayed,48,5,2200,0.03125,1.6917082985626521,0.849098291369321,0.7983511830614556,380.29684403582297,10.0,0.833,0.002,1.5,1.5,10000.0,0.015
run0_params,10,3,delay_frontier,same_grid,default,0|10|35|75|125|175|225,delayed,49,5,2200,0.03125,1.25030100196663,0.6939871715463748,0.7467362166952554,388.24751929250795,10.0,0.833,0.002,1.5,1.5,10000.0,0.015
run0_params,10,3,delay_frontier,same_grid,default,0|10|35|75|125|175|225,delayed,50,5,2200,0.03125,2.2819323735152515,0.9330762395821426,0.7703416867505659,385.37890861611413,10.0,0.833,0.002,1.5,1.5,10000.0,0.015
run0_params,10,3,delay_frontier,same_grid,default,0|10|35|75|125|175|225,delayed,51,5,2200,0.03125,1.4781451541139516,0.7354237017420098,0.7286537079958284,391.289477727682,10.0,0.833,0.002,1.5,1.5,10000.0,0.015
run0_params,10,3,delay_frontier,same_grid,default,0|10|35|75|125|175|225,delayed,52,5,2200,0.03125,3.4486293350412565,0.9317795577767439,0.611190274687223,410.43358563252417,10.0,0.833,0.002,1.5,1.5,10000.0,0.015
run0_params,10,3,delay_frontier,same_grid,default,0|10|35|75|125|175|225,delayed,53,5,2200,0.03125,1.0497148341883857,0.6359267940664051,0.7473897202601527,390.95676324945896,10.0,0.833,0.002,1.5,1.5,10000.0,0.015
run0_params,10,3,delay_frontier,same_grid,default,0|10|35|75|125|175|225,delayed,54,5,2200,0.03125,2.362228330837495,0.8939589863984678,0.717245176428793,394.06200542526767,10.0,0.833,0.002,1.5,1.5,10000.0,0.015
run0_params,10,3,delay_frontier,same_grid,default,0|10|35|75|125|175|225,delayed,55,5,2200,0.03125,3.1685377001691735,0.8800187726793642,0.5905838617860735,415.44141220124055,10.0,0.833,0.002,1.5,1.5,10000.0,0.015
run0_params,10,3,delay_frontier,same_grid,default,0|10|35|75|125|175|225,delayed,56,5,2200,0.03125,3.6112974351518035,0.8906312448106222,0.5514484280232355,422.71706698808214,10.0,0.833,0.002,1.5,1.5,10000.0,0.015
run0_params,10,3,delay_frontier,same_grid,default,0|10|35|75|125|175|225,delayed,57,5,2200,0.03125,0.15659221858806074,0.17744538195404885,0.7473897202601527,390.95676324945896,10.0,0.833,0.002,1.5,1.5,10000.0,0.015
run0_params,10,3,delay_frontier,same_grid,default,0|10|35|75|125|175|225,delayed,58,5,2200,0.03125,0.6229095963514659,0.45282577513601974,0.717245176428793,394.06200542526767,10.0,0.833,0.002,1.5,1.5,10000.0,0.015
run0_params,10,3,delay_frontier,same_grid,default,0|10|35|75|125|175|225,delayed,59,5,2200,0.03125,3.9684166626102364,0.9645272165204282,0.5905838617860735,415.44141220124055,10.0,0.833,0.002,1.5,1.5,10000.0,0.015
run0_params,10,3,delay_frontier,same_grid,default,0|10|35|75|125|175|225,delayed,60,5,2200,0.03125,1.6514382049913445,0.6165707511255716,0.5514484280232355,422.71706698808214,10.0,0.833,0.002,1.5,1.5,10000.0,0.015
run0_params,10,3,delay_frontier,same_grid,default,0|10|35|75|125|175|225,delayed,61,5,2200,0.03125,1.3130795246231883,0.5318467702757589,0.535931849959159,426.4879666419357,10.0,0.833,0.002,1.5,1.5,10000.0,0.015
run0_params,10,3,delay_frontier,same_grid,default,0|10|35|75|125|175|225,delayed,62,5,2200,0.03125,0.330576901608962,0.20745637718771703,0.535931849959159,426.4879666419357,10.0,0.833,0.002,1.5,1.5,10000.0,0.015
run0_params,0,1,delay_frontier,same_grid,default,0|5|35|75|125|175|225,optimal,0,0,2025,1.0,241.82347933821268,0.9376843616350559,0.0,425.6,10.0,0.833,0.002,1.5,1.5,10000.0,0.015
run0_params,0,1,delay_frontier,same_grid,default,0|5|35|75|125|175|225,optimal,1,1,2030,0.5,222.6418972066072,0.9350163001553443,0.9376840165735103,424.9381469569536,10.0,0.833,0.002,1.5,1.5,10000.0,0.015
run0_params,0,1,delay_frontier,same_grid,default,0|5|35|75|125|175|225,optimal,2,1,2030,0.5,125.76591761873378,0.7275572597828374,0.9376840165735103,424.9381469569536,10.0,0.833,0.002,1.5,1.5,10000.0,0.015
run0_params,0,1,delay_frontier,same_grid,default,0|5|35|75|125|175|225,optimal,3,2,2060,0.25,108.64836497622058,0.9983141443992982,0.935586497616551,415.89790719003213,10.0,0.833,0.002,1.5,1.5,10000.0,0.015
run0_params,0,1,delay_frontier,same_grid,default,0|5|35|75|125|175|225,optimal,4,2,2060,0.25,83.2565167149081,0.8976343500107642,0.935586497616551,415.89790719003213,10.0,0.833,0.002,1.5,1.5,10000.0,0.015
run0_params,0,1,delay_frontier,same_grid,default,0|5|35|75|125|175|225,optimal,5,2,2060,0.25,110.09642838945103,0.9745113265967209,0.7724592475601876,437.0830032960186,10.0,0.833,0.002,1.5,1.5,10000.0,0.015
run0_params,0,1,delay_frontier,same_grid,default,0|5|35|75|125|175|225,optimal,6,2,2060,0.25,40.49922303198829,0.6182226024247429,0.7724592475601876,437.0830032960186,10.0,0.833,0.002,1.5,1.5,10000.0,0.015
run0_params,0,1,delay_frontier,same_grid,default,0|5|35|75|125|175|225,optimal,7,3,2100,0.125,32.12731245563709,0.9925675689951868,0.9585776374333675,395.18265886172946,10.0,0.833,0.002,1.5,1.5,10000.0,0.015
run0_params,0,1,delay_frontier,same_grid,default,0|5|35|75|125|175|225,optimal,8,3,2100,0.125,30.305008473312114,0.970274061336058,0.9585776374333675,395.18265886172946,10.0,0.833,0.002,1.5,1.5,10000.0,0.015
run0_params,0,1,delay_frontier,same_grid,default,0|5|35|75|125|175|225,optimal,9,3,2100,0.125,32.62324041475875,0.983149189807863,0.9216399459268224,402.4795569141658,10.0,0.833,0.002,1.5,1.5,10000.0,0.015
run0_params,0,1,delay_frontier,same_grid,default,0|5|35|75|125|175|225,optimal,10,3,2100,0.125,36.94619395180925,0.9990038333703164,0.8448142620736231,413.48948844155757,10.0,0.833,0.002,1.5,1.5,10000.0,0.015
run0_params,0,1,delay_frontier,same_grid,default,0|5|35|75|125|175|225,optimal,11,3,2100,0.125,15.543909042110714,0.712540886989899,0.9216399459268224,402.4795569141658,10.0,0.833,0.002,1.5,1.5,10000.0,0.015
run0_params,0,1,delay_frontier,same_grid,default,0|5|35|75|125|175|225,optimal,12,3,2100,0.125,18.48627978376126,0.7439475967815525,0.8448142620736231,413.48948844155757,10.0,0.833,0.002,1.5,1.5,10000.0,0.015
run0_params,0,1,delay_frontier,same_grid,default,0|5|35|75|125|175|225,optimal,13,3,2100,0.125,21.719877295554888,0.7510320361711889,0.7140978851853517,439.3119739170687,10.0,0.833,0.002,1.5,1.5,10000.0,0.015
run0_params,0,1,delay_frontier,same_grid,default,0|5|35|75|125|175|225,optimal,14,3,2100,0.125,6.533476743522256,0.38313243925470475,0.7140978851853517,439.3119739170687,10.0,0.833,0.002,1.5,1.5,10000.0,0.015
run0_params,0,1,delay_frontier,same_grid,default,0|5|35|75|125|175|225,optimal,15,4,2150,0.0625,7.295751087477158,0.9991768836942341,0.9632794190452352,373.0880468715456,10.0,0.833,0.002,1.5,1.5,10000.0,0.015
run0_params,0,1,delay_frontier,same_grid,default,0|5|35|75|125|175|225,optimal,16,4,2150,0.0625,6.988993018356785,0.9827372231729737,0.9632794190452352,373.0880468715456,10.0,0.833,0.002,1.5,1.5,10000.0,0.015
run0_params,0,1,delay_frontier,same_grid,default,0|5|35|75|125|175|225,optimal,17,4,2150,0.0625,7.213756995114555,0.9928065202557226,0.9604097592845134,373.7399720915338,10.0,0.833,0.002,1.5,1.5,10000.0,0.015
run0_params,0,1,delay_frontier,same_grid,default,0|5|35|75|125|175|225,optimal,18,4,2150,0.0625,7.127020716975076,0.9662230868771085,0.9293603659895483,378.8792669323559,10.0,0.833,0.002,1.5,1.5,10000.0,0.015
run0_params,0,1,delay_frontier,same_grid,default,0|5|35|75|125|175|225,optimal,19,4,2150,0.0625,8.732131364584328,0.9987676112955395,0.8657278194536223,388.1852098758257,10.0,0.833,0.002,1.5,1.5,10000.0,0.015
run0_params,0,1,delay_frontier,same_grid,default,0|5|35|75|125|175|225,optimal,20,4,2150,0.0625,6.345252838513672,0.9440006974349158,0.9604097592845134,373.7399720915338,10.0,0.833,0.002,1.5,1.5,10000.0,0.015
run0_params,0,1,delay_frontier,same_grid,default,0|5|35|75|125|175|225,optimal,21,4,2150,0.0625,5.563311427331635,0.8733048859031167,0.9293603659895483,378.8792669323559,10.0,0.833,0.002,1.5,1.5,10000.0,0.015
run0_params,0,1,delay_frontier,same_grid,default,0|5|35|75|125|175|225,optimal,22,4,2150,0.0625,8.660990529528268,0.9956319671515487,0.8657278194536223,388.1852098758257,10.0,0.833,0.002,1.5,1.5,10000.0,0.015
run0_params,0,1,delay_frontier,same_grid,default,0|5|35|75|125|175|225,optimal,23,4,2150,0.0625,7.646112977830287,0.9684110241195379,0.8945266245642318,386.7926192153391,10.0,0.833,0.002,1.5,1.5,10000.0,0.015
run0_params,0,1,delay_frontier,same_grid,default,0|5|35|75|125|175|225,optimal,24,4,2150,0.0625,6.082638815921481,0.8404384064357621,0.832895904640668,395.64377565102933,10.0,0.833,0.002,1.5,1.5,10000.0,0.015
run0_params,0,1,delay_frontier,same_grid,default,0|5|35|75|125|175|225,optimal,25,4,2150,0.0625,11.055828784088469,0.9845330354065351,0.7180644393270882,414.9560880683354,10.0,0.833,0.002,1.5,1.5,10000.0,0.015
run0_params,0,1,delay_frontier,same_grid,default,0|5|35|75|125|175|225,optimal,26,4,2150,0.0625,3.688193946288104,0.7034733699287078,0.8945266245642318,386.7926192153391,10.0,0.833,0.002,1.5,1.5,10000.0,0.015
run0_params,0,1,delay_frontier,same_grid,default,0|5|35|75|125|175|225,optimal,27,4,2150,0.0625,3.887179994849544,0.6824724452573648,0.832895904640668,395.64377565102933,10.0,0.833,0.002,1.5,1.5,10000.0,0.015
run0_params,0,1,delay_frontier,same_grid,default,0|5|35|75|125|175|225,optimal,28,4,2150,0.0625,6.671981760483537,0.797019603047656,0.7180644393270882,414.9560880683354,10.0,0.833,0.002,1.5,1.5,10000.0,0.015
run0_params,0,1,delay_frontier,same_grid,default,0|5|35|75|125|175|225,optimal,29,4,2150,0.0625,8.024953572949522,0.8321585442361741,0.6707069203740783,425.71451325085343,10.0,0.833,0.002,1.5,1.5,10000.0,0.015
run0_params,0,1,delay_frontier,same_grid,default,0|5|35|75|125|175|225,optimal,30,4,2150,0.0625,1.3427882769077883,0.2991093733498506,0.6707069203740783,425.71451325085343,10.0,0.833,0.002,1.5,1.5,10000.0,0.015
run0_params,0,1,delay_frontier,same_grid,default,0|5|35|75|125|175|225,optimal,31,5,2200,0.03125,1.530496209948448,0.9762138983840216,0.9659715197418259,353.8182492799137,10.0,0.833,0.002,1.5,1.5,10000.0,0.015
run0_params,0,1,delay_frontier,same_grid,default,0|5|35|75|125|175|225,optimal,32,5,2200,0.03125,1.5015178004708387,0.9689326999407567,0.9659715197418259,353.8182492799137,10.0,0.833,0.002,1.5,1.5,10000.0,0.015
run0_params,0,1,delay_frontier,same_grid,default,0|5|35|75|125|175|225,optimal,33,5,2200,0.03125,1.5397430710681475,0.9773436055029099,0.9648065200808192,354.1013666074556,10.0,0.833,0.002,1.5,1.5,10000.0,0.015
run0_params,0,1,delay_frontier,same_grid,default,0|5|35|75|125|175|225,optimal,34,5,2200,0.03125,1.6379567347600477,0.998930304988743,0.9627554506474736,354.43048086313644,10.0,0.833,0.002,1.5,1.5,10000.0,0.015
run0_params,0,1,delay_frontier,same_grid,default,0|5|35|75|125|175|225,optimal,35,5,2200,0.03125,1.765738748668587,0.9970044018525369,0.9322449328549502,359.45099625151164,10.0,0.833,0.002,1.5,1.5,10000.0,0.015
run0_params,0,1,delay_frontier,same_grid,default,0|5|35|75|125|175|225,optimal,36,5,2200,0.03125,1.9902974709213805,0.9861442499472547,0.8758301289997342,367.6452828136586,10.0,0.833,0.002,1.5,1.5,10000.0,0.015
run0_params,0,1,delay_frontier,same_grid,default,0|5|35|75|125|175|225,optimal,37,5,2200,0.03125,1.6091956780777377,0.9942062878577759,0.9648065200808192,354.1013666074556,10.0,0.833,0.002,1.5,1.5,10000.0,0.015
run0_params,0,1,delay_frontier,same_grid,default,0|5|35|75|125|175|225,optimal,38,5,2200,0.03125,1.5548246576693368,0.9790061243399459,0.9627554506474736,354.43048086313644,10.0,0.833,0.002,1.5,1.5,10000.0,0.015
run0_params,0,1,delay_frontier,same_grid,default,0|5|35|75|125|175|225,optimal,39,5,2200,0.03125,1.4834463448540443,0.9308131704446907,0.9322449328549502,359.45099625151164,10.0,0.833,0.002,1.5,1.5,10000.0,0.015
run0_params,0,1,delay_frontier,same_grid,default,0|5|35|75|125|175|225,optimal,40,5,2200,0.03125,1.395638196468075,0.8530528816388595,0.8758301289997342,367.6452828136586,10.0,0.833,0.002,1.5,1.5,10000.0,0.015
run0_params,0,1,delay_frontier,same_grid,default,0|5|35|75|125|175|225,optimal,41,5,2200,0.03125,0.5672281548259305,0.6164088832990574,0.9592968695882554,355.27099543094874,10.0,0.833,0.002,1.5,1.5,10000.0,0.015
run0_params,0,1,delay_frontier,same_grid,default,0|5|35|75|125|175|225,optimal,42,5,2200,0.03125,1.4616250485526325,0.9187457573449138,0.9256603179791159,361.0511967307518,10.0,0.833,0.002,1.5,1.5,10000.0,0.015
run0_params,0,1,delay_frontier,same_grid,default,0|5|35|75|125|175|225,optimal,43,5,2200,0.03125,1.7532506061075337,0.9377602206458424,0.8756079572305031,367.699283634728,10.0,0.833,0.002,1.5,1.5,10000.0,0.015
run0_params,0,1,delay_frontier,same_grid,default,0|5|35|75|125|175|225,optimal,44,5,2200,0.03125,1.87391612138119,0.9861954915351745,0.8988411717936453,365.5131680633872,10.0,0.833,0.002,1.5,1.5,10000.0,0.015
run0_params,0,1,delay_frontier,same_grid,default,0|5|35|75|125|175|225,optimal,45,5,2200,0.03125,2.159816064096141,0.974444170390016,0.8329802165693615,376.1212541189094,10.0,0.833,0.002,1.5,1.5,10000.0,0.015
run0_params,0,1,delay_frontier,same_grid,default,0|5|35|75|125|175|225,optimal,46,5,2200,0.03125,1.8850358416134092,0.8300364165685853,0.7371144067984448,390.6537096201289,10.0,0.833,0.002,1.5,1.5,10000.0,0.015
run0_params,0,1,delay_frontier,same_grid,default,0|5|35|75|125|175|225,optimal,47,5,2200,0.03125,0.9490711935820104,0.7926597188376836,0.9592968695882554,355.27099543094874,10.0,0.833,0.002,1.5,1.5,10000.0,0.015
run0_params,0,1,delay_frontier,same_grid,default,0|5|35|75|125|175|225,optimal,48,5,2200,0.03125,0.5973874866981683,0.6045937544554707,0.9256603179791159,361.0511967307518,10.0,0.833,0.002,1.5,1.5,10000.0,0.015
run0_params,0,1,delay_frontier,same_grid,default,0|5|35|75|125|175|225,optimal,49,5,2200,0.03125,1.6612962275767222,0.9174968927506755,0.8756079572305031,367.699283634728,10.0,0.833,0.002,1.5,1.5,10000.0,0.015
run0_params,0,1,delay_frontier,same_grid,default,0|5|35|75|125|175|225,optimal,50,5,2200,0.03125,1.4591474313143071,0.8918105345215386,0.8988411717936453,365.5131680633872,10.0,0.833,0.002,1.5,1.5,10000.0,0.015
run0_params,0,1,delay_frontier,same_grid,default,0|5|35|75|125|175|225,optimal,51,5,2200,0.03125,1.5263959434988474,0.8446846409342866,0.8329802165693615,376.1212541189094,10.0,0.833,0.002,1.5,1.5,10000.0,0.015
run0_params,0,1,delay_frontier,same_grid,default,0|5|35|75|125|175|225,optimal,52,5,2200,0.03125,2.9525269795236606,0.9979351203816447,0.7371144067984448,390.6537096201289,10.0,0.833,0.002,1.5,1.5,10000.0,0.015
run0_params,0,1,delay_frontier,same_grid,default,0|5|35|75|125|175|225,optimal,53,5,2200,0.03125,1.6700805917776265,0.923867682598962,0.8800666477618507,370.0758194815452,10.0,0.833,0.002,1.5,1.5,10000.0,0.015
run0_params,0,1,delay_frontier,same_grid,default,0|5|35|75|125|175|225,optimal,54,5,2200,0.03125,1.6871396597149582,0.8707028479517266,0.821786079637932,378.8416813156489,10.0,0.833,0.002,1.5,1.5,10000.0,0.015
run0_params,0,1,delay_frontier,same_grid,default,0|5|35|75|125|175|225,optimal,55,5,2200,0.03125,1.3226450830855554,0.6927140243802048,0.723826351418601,393.8829917214692,10.0,0.833,0.002,1.5,1.5,10000.0,0.015
run0_params,0,1,delay_frontier,same_grid,default,0|5|35|75|125|175|225,optimal,56,5,2200,0.03125,3.102834175628441,0.9605403054784103,0.6806924240506518,401.5707627990705,10.0,0.833,0.002,1.5,1.5,10000.0,0.015
run0_params,0,1,delay_frontier,same_grid,default,0|5|35|75|125|175|225,optimal,57,5,2200,0.03125,0.1963288460351135,0.2771199627012943,0.8800666477618507,370.0758194815452,10.0,0.833,0.002,1.5,1.5,10000.0,0.015
run0_params,0,1,delay_frontier,same_grid,default,0|5|35|75|125|175|225,optimal,58,5,2200,0.03125,0.5798590009351183,0.5109818452737547,0.821786079637932,378.8416813156489,10.0,0.833,0.002,1.5,1.5,10000.0,0.015
run0_params,0,1,delay_frontier,same_grid,default,0|5|35|75|125|175|225,optimal,59,5,2200,0.03125,0.9593995373460908,0.5868730348797159,0.723826351418601,393.8829917214692,10.0,0.833,0.002,1.5,1.5,10000.0,0.015
run0_params,0,1,delay_frontier,same_grid,default,0|5|35|75|125|175|225,optimal,60,5,2200,0.03125,2.86338635645725,0.9301775314843871,0.6806924240506518,401.5707627990705,10.0,0.833,0.002,1.5,1.5,10000.0,0.015
run0_params,0,1,delay_frontier,same_grid,default,0|5|35|75|125|175|225,optimal,61,5,2200,0.03125,1.5907182812783711,0.6834946795946106,0.6429183625728532,410.75072454603924,10.0,0.833,0.002,1.5,1.5,10000.0,0.015
run0_params,0,1,delay_frontier,same_grid,default,0|5|35|75|125|175|225,optimal,62,5,2200,0.03125,2.1300751768033925,0.7852396862440618,0.6429183625728532,410.75072454603924,10.0,0.833,0.002,1.5,1.5,10000.0,0.015
run0_params,0,1,delay_frontier,same_grid,default,0|5|35|75|125|175|225,delayed,0,0,2025,1.0,245.8618502654459,0.9439378496620932,0.0,425.6,10.0,0.833,0.002,1.5,1.5,10000.0,0.015
run0_params,0,1,delay_frontier,same_grid,default,0|5|35|75|125|175|225,delayed,1,1,2030,0.5,223.07480937422534,0.9357486277472551,0.9439375698047722,424.7858072455309,10.0,0.833,0.002,1.5,1.5,10000.0,0.015
run0_params,0,1,delay_frontier,same_grid,default,0|5|35|75|125|175|225,delayed,2,1,2030,0.5,126.58983471128442,0.7298278403045425,0.9439375698047722,424.7858072455309,10.0,0.833,0.002,1.5,1.5,10000.0,0.015
run0_params,0,1,delay_frontier,same_grid,default,0|5|35|75|125|175|225,delayed,3,2,2060,0.25,108.79283521076064,0.9991635094967445,0.9374986060011158,415.6720784562339,10.0,0.833,0.002,1.5,1.5,10000.0,0.015
run0_params,0,1,delay_frontier,same_grid,default,0|5|35|75|125|175|225,delayed,4,2,2060,0.25,86.12920479136109,0.9106327851669096,0.9374986060011158,415.6720784562339,10.0,0.833,0.002,1.5,1.5,10000.0,0.015
run0_params,0,1,delay_frontier,same_grid,default,0|5|35|75|125|175|225,delayed,5,2,2060,0.25,102.61079187947227,0.9483192301259878,0.7755810152598286,436.7000932309071,10.0,0.833,0.002,1.5,1.5,10000.0,0.015
run0_params,0,1,delay_frontier,same_grid,default,0|5|35|75|125|175|225,delayed,6,2,2060,0.25,42.24404971993517,0.6324776223385231,0.7755810152598286,436.7000932309071,10.0,0.833,0.002,1.5,1.5,10000.0,0.015
run0_params,0,1,delay_frontier,same_grid,default,0|5|35|75|125|175|225,delayed,7,3,2100,0.125,32.60997201495281,0.998892929551324,0.9600532097937934,394.9397191776311,10.0,0.833,0.002,1.5,1.5,10000.0,0.015
run0_params,0,1,delay_frontier,same_grid,default,0|5|35|75|125|175|225,delayed,8,3,2100,0.125,32.358749124984506,0.9959283529895508,0.9600532097937934,394.9397191776311,10.0,0.833,0.002,1.5,1.5,10000.0,0.015
run0_params,0,1,delay_frontier,same_grid,default,0|5|35|75|125|175|225,delayed,9,3,2100,0.125,32.88290030477567,0.988631250078295,0.9275728026043075,401.35609766412006,10.0,0.833,0.002,1.5,1.5,10000.0,0.015
run0_params,0,1,delay_frontier,same_grid,default,0|5|35|75|125|175|225,delayed,10,3,2100,0.125,35.70202825618599,0.9827260196345413,0.8371476055285245,415.08346511566543,10.0,0.833,0.002,1.5,1.5,10000.0,0.015
run0_params,0,1,delay_frontier,same_grid,default,0|5|35|75|125|175|225,delayed,11,3,2100,0.125,17.133890666292217,0.7486681927992873,0.9275728026043075,401.35609766412006,10.0,0.833,0.002,1.5,1.5,10000.0,0.015
run0_params,0,1,delay_frontier,same_grid,default,0|5|35|75|125|175|225,delayed,12,3,2100,0.125,18.522609176948162,0.7417358785779914,0.8371476055285245,415.08346511566543,10.0,0.833,0.002,1.5,1.5,10000.0,0.015
run0_params,0,1,delay_frontier,same_grid,default,0|5|35|75|125|175|225,delayed,13,3,2100,0.125,20.940756550065224,0.740930330172596,0.72127059020254,437.97449311431467,10.0,0.833,0.002,1.5,1.5,10000.0,0.015
run0_params,0,1,delay_frontier,same_grid,default,0|5|35|75|125|175|225,delayed,14,3,2100,0.125,6.425431085204011,0.38088125650158683,0.72127059020254,437.97449311431467,10.0,0.833,0.002,1.5,1.5,10000.0,0.015
run0_params,0,1,delay_frontier,same_grid,default,0|5|35|75|125|175|225,delayed,15,4,2150,0.0625,7.064544434743371,0.9883313388338073,0.9653741468562468,372.69896455608887,10.0,0.833,0.002,1.5,1.5,10000.0,0.015
run0_params,0,1,delay_frontier,same_grid,default,0|5|35|75|125|175|225,delayed,16,4,2150,0.0625,7.048432428491396,0.9874581642331355,0.9653741468562468,372.69896455608887,10.0,0.833,0.002,1.5,1.5,10000.0,0.015
run0_params,0,1,delay_frontier,same_grid,default,0|5|35|75|125|175|225,delayed,17,4,2150,0.0625,7.186666553613468,0.9946206444277677,0.9649925883617936,372.78565715979295,10.0,0.833,0.002,1.5,1.5,10000.0,0.015
run0_params,0,1,delay_frontier,same_grid,default,0|5|35|75|125|175|225,delayed,18,4,2150,0.0625,7.344568018051123,0.981871237428071,0.9352933375740302,377.84925134565447,10.0,0.833,0.002,1.5,1.5,10000.0,0.015
run0_params,0,1,delay_frontier,same_grid,default,0|5|35|75|125|175|225,delayed,19,4,2150,0.0625,8.841354873967843,0.9971956390108903,0.8568004027004766,389.8349227082695,10.0,0.833,0.002,1.5,1.5,10000.0,0.015
run0_params,0,1,delay_frontier,same_grid,default,0|5|35|75|125|175|225,delayed,20,4,2150,0.0625,7.083668857901437,0.9890947206345714,0.9649925883617936,372.78565715979295,10.0,0.833,0.002,1.5,1.5,10000.0,0.015
run0_params,0,1,delay_frontier,same_grid,default,0|5|35|75|125|175|225,delayed,21,4,2150,0.0625,6.602820970084049,0.9414391817140251,0.9352933375740302,377.84925134565447,10.0,0.833,0.002,1.5,1.5,10000.0,0.015
run0_params,0,1,delay_frontier,same_grid,default,0|5|35|75|125|175|225,delayed,22,4,2150,0.0625,7.912592721840061,0.9548848305083271,0.8568004027004766,389.8349227082695,10.0,0.833,0.002,1.5,1.5,10000.0,0.015
run0_params,0,1,delay_frontier,same_grid,default,0|5|35|75|125|175|225,delayed,23,4,2150,0.0625,6.201273817199845,0.8964277359125989,0.9044042554938079,384.866449982718,10.0,0.833,0.002,1.5,1.5,10000.0,0.015
run0_params,0,1,delay_frontier,same_grid,default,0|5|35|75|125|175|225,delayed,24,4,2150,0.0625,8.182499335565394,0.9458428314965064,0.825779171092907,396.8821561669684,10.0,0.833,0.002,1.5,1.5,10000.0,0.015
run0_params,0,1,delay_frontier,same_grid,default,0|5|35|75|125|175|225,delayed,25,4,2150,0.0625,10.937390380734207,0.9839528052982507,0.7230717168250274,414.20927530882835,10.0,0.833,0.002,1.5,1.5,10000.0,0.015
run0_params,0,1,delay_frontier,same_grid,default,0|5|35|75|125|175|225,delayed,26,4,2150,0.0625,3.778574821167887,0.7181162198404206,0.9044042554938079,384.866449982718,10.0,0.833,0.002,1.5,1.5,10000.0,0.015
run0_params,0,1,delay_frontier,same_grid,default,0|5|35|75|125|175|225,delayed,27,4,2150,0.0625,4.732395608429187,0.7458002502657106,0.825779171092907,396.8821561669684,10.0,0.833,0.002,1.5,1.5,10000.0,0.015
run0_params,0,1,delay_frontier,same_grid,default,0|5|35|75|125|175|225,delayed,28,4,2150,0.0625,7.382229285251077,0.8369837416979619,0.7230717168250274,414.20927530882835,10.0,0.833,0.002,1.5,1.5,10000.0,0.015
run0_params,0,1,delay_frontier,same_grid,default,0|5|35|75|125|175|225,delayed,29,4,2150,0.0625,5.8278614122844585,0.7223288856820473,0.676724700718303,424.7381292556912,10.0,0.833,0.002,1.5,1.5,10000.0,0.015
run0_params,0,1,delay_frontier,same_grid,default,0|5|35|75|125|175|225,delayed,30,4,2150,0.0625,2.230778733681322,0.4244353831202883,0.676724700718303,424.7381292556912,10.0,0.833,0.002,1.5,1.5,10000.0,0.015
run0_params,0,1,delay_frontier,same_grid,default,0|5|35|75|125|175|225,delayed,31,5,2200,0.03125,1.6200971316303696,0.9991747138461131,0.9671706939227043,353.67560643204206,10.0,0.833,0.002,1.5,1.5,10000.0,0.015
run0_params,0,1,delay_frontier,same_grid,default,0|5|35|75|125|175|225,delayed,32,5,2200,0.03125,1.397332190841944,0.9428596315886556,0.9671706939227043,353.67560643204206,10.0,0.833,0.002,1.5,1.5,10000.0,0.015
run0_params,0,1,delay_frontier,same_grid,default,0|5|35|75|125|175|225,delayed,33,5,2200,0.03125,1.558959790544459,0.9843874468586367,0.967108775974228,353.69064390147264,10.0,0.833,0.002,1.5,1.5,10000.0,0.015
run0_params,0,1,delay_frontier,same_grid,default,0|5|35|75|125|175|225,delayed,34,5,2200,0.03125,1.51673244695399,0.9740497692401546,0.9672487643794788,353.6341197877519,10.0,0.833,0.002,1.5,1.5,10000.0,0.015
run0_params,0,1,delay_frontier,same_grid,default,0|5|35|75|125|175|225,delayed,35,5,2200,0.03125,1.7107815047588961,0.9915517235547554,0.9388640213711803,358.2854938272446,10.0,0.833,0.002,1.5,1.5,10000.0,0.015
run0_params,0,1,delay_frontier,same_grid,default,0|5|35|75|125|175|225,delayed,36,5,2200,0.03125,2.009654676680331,0.9813791865945906,0.8673868539676433,369.06084018355074,10.0,0.833,0.002,1.5,1.5,10000.0,0.015
run0_params,0,1,delay_frontier,same_grid,default,0|5|35|75|125|175|225,delayed,37,5,2200,0.03125,1.13417755760881,0.8649047659916583,0.967108775974228,353.69064390147264,10.0,0.833,0.002,1.5,1.5,10000.0,0.015
run0_params,0,1,delay_frontier,same_grid,default,0|5|35|75|125|175|225,delayed,38,5,2200,0.03125,1.2187839659297584,0.8916802432437336,0.9672487643794788,353.6341197877519,10.0,0.833,0.002,1.5,1.5,10000.0,0.015
run0_params,0,1,delay_frontier,same_grid,default,0|5|35|75|125|175|225,delayed,39,5,2200,0.03125,1.4620212962090964,0.9318808015440818,0.9388640213711803,358.2854938272446,10.0,0.833,0.002,1.5,1.5,10000.0,0.015
run0_params,0,1,delay_frontier,same_grid,default,0|5|35|75|125|175|225,delayed,40,5,2200,0.03125,2.064278226062693,0.9916311531819751,0.8673868539676433,369.06084018355074,10.0,0.833,0.002,1.5,1.5,10000.0,0.015
run0_params,0,1,delay_frontier,same_grid,default,0|5|35|75|125|175|225,delayed,41,5,2200,0.03125,1.4058699356265942,0.9448503285744735,0.9668571408333788,353.72928505819374,10.0,0.833,0.002,1.5,1.5,10000.0,0.015
run0_params,0,1,delay_frontier,same_grid,default,0|5|35|75|125|175|225,delayed,42,5,2200,0.03125,1.666798728616379,0.9787228372244161,0.9359988206515275,358.9817986791919,10.0,0.833,0.002,1.5,1.5,10000.0,0.015
run0_params,0,1,delay_frontier,same_grid,default,0|5|35|75|125|175|225,delayed,43,5,2200,0.03125,0.946620845952312,0.7042969141850799,0.8643884698346613,369.7895001685317,10.0,0.833,0.002,1.5,1.5,10000.0,0.015
run0_params,0,1,delay_frontier,same_grid,default,0|5|35|75|125|175|225,delayed,44,5,2200,0.03125,1.8573382887170338,0.9870226066024085,0.9030507697085981,365.16603723156254,10.0,0.833,0.002,1.5,1.5,10000.0,0.015
run0_params,0,1,delay_frontier,same_grid,default,0|5|35|75|125|175|225,delayed,45,5,2200,0.03125,1.5630184783221217,0.8542222942722618,0.8338620238742328,375.3774388972819,10.0,0.833,0.002,1.5,1.5,10000.0,0.015
run0_params,0,1,delay_frontier,same_grid,default,0|5|35|75|125|175|225,delayed,46,5,2200,0.03125,2.29578520010788,0.9071473497261986,0.7416492235031606,389.9633541271281,10.0,0.833,0.002,1.5,1.5,10000.0,0.015
run0_params,0,1,delay_frontier,same_grid,default,0|5|35|75|125|175|225,delayed,47,5,2200,0.03125,0.25925332321893346,0.39348483835319154,0.9668571408333788,353.72928505819374,10.0,0.833,0.002,1.5,1.5,10000.0,0.015
run0_params,0,1,delay_frontier,same_grid,default,0|5|35|75|125|175|225,delayed,48,5,2200,0.03125,0.3267885031452631,0.43317123783893063,0.9359988206515275,358.9817986791919,10.0,0.833,0.002,1.5,1.5,10000.0,0.015
run0_params,0,1,delay_frontier,same_grid,default,0|5|35|75|125|175|225,delayed,49,5,2200,0.03125,2.0559644505583816,0.9870780631591869,0.8643884698346613,369.7895001685317,10.0,0.833,0.002,1.5,1.5,10000.0,0.015
run0_params,0,1,delay_frontier,same_grid,default,0|5|35|75|125|175|225,delayed,50,5,2200,0.03125,0.48620174825938905,0.522029162329264,0.9030507697085981,365.16603723156254,10.0,0.833,0.002,1.5,1.5,10000.0,0.015
run0_params,0,1,delay_frontier,same_grid,default,0|5|35|75|125|175|225,delayed,51,5,2200,0.03125,2.0588886529802313,0.9571275454678387,0.8338620238742328,375.3774388972819,10.0,0.833,0.002,1.5,1.5,10000.0,0.015
run0_params,0,1,delay_frontier,same_grid,default,0|5|35|75|125|175|225,delayed,52,5,2200,0.03125,1.0853969833632962,0.6419943472221215,0.7416492235031606,389.9633541271281,10.0,0.833,0.002,1.5,1.5,10000.0,0.015
run0_params,0,1,delay_frontier,same_grid,default,0|5|35|75|125|175|225,delayed,53,5,2200,0.03125,1.922027878967185,0.9874322078451057,0.8904148718512936,368.23684754847267,10.0,0.833,0.002,1.5,1.5,10000.0,0.015
run0_params,0,1,delay_frontier,same_grid,default,0|5|35|75|125|175|225,delayed,54,5,2200,0.03125,1.5658390545314242,0.8412686712560655,0.8196861787790368,378.82249306791607,10.0,0.833,0.002,1.5,1.5,10000.0,0.015
run0_params,0,1,delay_frontier,same_grid,default,0|5|35|75|125|175|225,delayed,55,5,2200,0.03125,2.581785082713476,0.9410139784712348,0.7312343703169878,392.4943971771114,10.0,0.833,0.002,1.5,1.5,10000.0,0.015
run0_params,0,1,delay_frontier,same_grid,default,0|5|35|75|125|175|225,delayed,56,5,2200,0.03125,2.967778207242187,0.9414759869423613,0.6784589658777724,402.5848973126607,10.0,0.833,0.002,1.5,1.5,10000.0,0.015
run0_params,0,1,delay_frontier,same_grid,default,0|5|35|75|125|175|225,delayed,57,5,2200,0.03125,0.11041520744077926,0.18117992452588325,0.8904148718512936,368.23684754847267,10.0,0.833,0.002,1.5,1.5,10000.0,0.015
run0_params,0,1,delay_frontier,same_grid,default,0|5|35|75|125|175|225,delayed,58,5,2200,0.03125,0.48241442931917394,0.4563783402158474,0.8196861787790368,378.82249306791607,10.0,0.833,0.002,1.5,1.5,10000.0,0.015
run0_params,0,1,delay_frontier,same_grid,default,0|5|35|75|125|175|225,delayed,59,5,2200,0.03125,0.38949639618614895,0.3417117309595247,0.7312343703169878,392.4943971771114,10.0,0.833,0.002,1.5,1.5,10000.0,0.015
run0_params,0,1,delay_frontier,same_grid,default,0|5|35|75|125|175|225,delayed,60,5,2200,0.03125,2.7491291604149755,0.9126961761894382,0.6784589658777724,402.5848973126607,10.0,0.833,0.002,1.5,1.5,10000.0,0.015
run0_params,0,1,delay_frontier,same_grid,default,0|5|35|75|125|175|225,delayed,61,5,2200,0.03125,0.5611037495857457,0.38351733290662576,0.6573489835744006,407.7151011660186,10.0,0.833,0.002,1.5,1.5,10000.0,0.015
run0_params,0,1,delay_frontier,same_grid,default,0|5|35|75|125|175|225,delayed,62,5,2200,0.03125,0.14679084730778313,0.1380711980780357,0.6573489835744006,407.7151011660186,10.0,0.833,0.002,1.5,1.5,10000.0,0.015
